1.76697365514624e-19,
2.225740898155137e-12,
-2.7858348049745633e-20,
-2.1120072132011425e-11,
8.044867182471747e-05,
-6.261808287193931e-11,
-4.2855409988959648e-19,
1.3244533417320226e-10,
-0.0003745868806857366,
2.38470690189143e-10,
-3.0575475229236597e-18,
-3.908750897821736e-10,
0.001014217184077302,
-6.022850219857684e-10,
4.3928671567996564e-18,
8.878921844718973e-10,
-0.002209897863369872,
1.265596225583955e-09,
-3.042845580865532e-18,
-1.7562282819422875e-09,
0.004260471947422196,
-2.3839441039719828e-09,
-5.2645544198557414e-18,
3.176923068365367e-09,
-0.007571744012519211,
4.1685895629459124e-09,
-7.251113083370131e-18,
-5.399708955140803e-09,
0.012712378039934939,
-6.921966437534177e-09,
3.876119003541769e-17,
8.804125403542862e-09,
-0.02058033778685932,
1.1142875970884814e-08,
-1.2744127741767296e-17,
-1.4082706559920277e-08,
0.03290965039358591,
-1.785444423384186e-08,
1.538819135246358e-17,
2.2856106948049293e-08,
-0.05406361607481015,
2.984173065254114e-08,
-1.75616561661036e-17,
-4.043389317462398e-08,
0.10007717037455333,
-5.886597836957108e-08,
1.899183075586433e-17,
1.0069245884314348e-07,
-0.31625466965788007,
3.0601816378150737e-07,
0.5000003504257804,
3.0601816378150737e-07,
-0.31625466965788007,
1.006924588292657e-07,
1.899183075586433e-17,
-5.886597836957108e-08,
0.10007717037455333,
-4.043389317462398e-08,
-1.75616561661036e-17,
2.9841730649071696e-08,
-0.05406361607481018,
2.2856106948049293e-08,
1.5388191352463585e-17,
-1.785444423384186e-08,
0.03290965039358591,
-1.4082706561655e-08,
-1.2744127741767289e-17,
1.1142875970884814e-08,
-0.020580337786859304,
8.804125403542862e-09,
3.8761190035417705e-17,
-6.921966435799454e-09,
0.012712378039934939,
-5.399708955140803e-09,
-7.251113083370131e-18,
4.1685895629459124e-09,
-0.007571744012519221,
3.176923068365367e-09,
-5.2645544198557445e-18,
-2.383944104188823e-09,
0.004260471947422199,
-1.7562282823759684e-09,
-3.0428455808655392e-18,
1.265596225583955e-09,
-0.00220989786336987,
8.878921843634771e-10,
4.392867156799665e-18,
-6.022850219857684e-10,
0.0010142171840773035,
-3.908750897821736e-10,
-3.057547522923662e-18,
2.38470690189143e-10,
-0.00037458688068573814,
1.3244533417320226e-10,
-4.285540998895967e-19,
-6.261808288549183e-11,
8.044867182471766e-05,
-2.1120072132011425e-11,
-2.785834804974671e-20,
2.225740898155137e-12,
