
-0.000000,
-0.668973,
-2.137858,
-3.523735,
-5.215328,
-6.970323,
-8.996541,
-10.415826,
-8.329670,
-4.791198,
-3.902986,
-0.547460,
2.437209,
7.794007,
9.487806,
9.738494,
5.658654,
1.903035,
0.731017,
-1.045410,
-6.222062,
-5.662694,
-4.551279,
-1.028049,
-2.111827,
2.316500,
4.396421,
2.809785,
4.638604,
5.959587,
4.948679,
3.532296,
3.815918,
5.458785,
6.136292,
4.650276,
0.896236,
0.700250,
-0.743307,
-1.156513,
2.186180,
-0.442869,
2.014169,
3.704733,
2.616990,
3.083638,
4.397053,
3.940316,
2.278816,
2.890923,
0.542920,
-3.978087,
-2.341966,
-2.744999,
-3.979345,
-0.766164,
-2.349726,
-2.817716,
-1.230905,
1.193903,
-0.386147,
-0.954708,
0.028923,
2.664893,
2.705263,
-0.560627,
-0.424492,
-0.378906,
-0.748173,
1.140462,
3.562424,
3.975421,
1.836655,
3.258531,
6.774049,
6.184180,
6.276413,
3.957484,
1.164333,
-1.102291,
-4.434264,
-4.594567,
-3.493947,
1.000681,
1.220861,
2.623799,
2.068578,
1.057830,
-2.309815,
-2.887696,
-6.315863,
-7.557979,
-2.863909,
-1.680278,
-3.330561,
2.067197,
4.605286,
7.141861,
4.712541,
2.809750,
4.919990,
4.041396,
5.213023,
5.634545,
8.146200,
7.468232,
5.643095,
4.370891,
2.225034,
2.346465,
0.685577,
1.248906,
1.940614,
-2.050483,
-1.863213,
-1.811639,
1.233107,
-0.978783,
-1.795968,
-3.560470,
-0.623674,
-4.600747,
-4.790175,
-5.734964,
-4.686234,
-3.579820,
-1.240131,
-2.244167,
1.586086,
2.666709,
-1.009985,
0.234663,
-2.102915,
-3.648605,
-3.018541,
-0.963987,
-2.402337,
-1.369881,
-0.629401,
-0.294662,
0.389096,
2.141210,
0.637860,
4.919275,
7.370091,
5.266528,
4.589320,
7.228163,
6.652140,
4.242697,
4.017745,
0.107984,
-2.245261,
-2.258099,
-1.495604,
-0.067111,
-1.309490,
-0.109174,
1.979845,
5.882568,
4.780937,
5.067416,
1.923568,
1.166946,
-1.901928,
-5.213173,
-4.473653,
-8.089609,
-8.831908,
-10.389879,
-3.909882,
-1.226717,
-1.727923,
-0.961717,
1.479146,
-1.370094,
-2.147136,
-6.025125,
-2.129789,
-2.283873,
-6.668651,
-2.570172,
1.593415,
2.167594,
2.710365,
-2.597350,
-2.611591,
-5.573773,
-3.746388,
-7.631521,
-5.524832,
-3.795186,
-1.173191,
1.299292,
5.858302,
4.002257,
7.387090,
4.641669,
1.102159,
-3.166616,
-6.151415,
-7.503833,
-3.884310,
-1.963693,
1.290857,
5.835583,
10.788198,
9.284878,
11.401274,
10.002600,
9.644650,
5.419008,
3.964131,
0.851804,
0.146862,
-1.956146,
-0.058086,
-0.268085,
1.295421,
3.655189,
2.275642,
1.231749,
0.969300,
-2.190707,
-3.538827,
-2.555965,
-0.198285,
2.431172,
3.755795,
0.509397,
-4.182166,
-9.578743,
-8.407544,
-11.569548,
-12.881185,
-12.928038,
-11.363263,
-7.685823,
-6.048730,
-2.492008,
-0.553476,
0.758785,
0.327926,
-2.108444,
-2.387183,
-1.498106,
0.015670,
-3.913720,
-5.560087,
-7.368819,
-8.292831,
-3.040742,
-0.793243,
1.555301,
2.050136,
7.809380,
4.425041,
3.057222,
-3.847420,
-9.155586,
-7.362215,
-7.431679,
-4.199761,
-2.537563,
-2.394044,
-0.706961,
3.745721,
4.235870,
6.483637,
8.737750,
7.661520,
7.006932,
4.656644,
0.812173,
-1.082491,
-4.961446,
-6.164746,
-4.408234,
-2.559996,
0.119244,
-1.034005,
0.308236,
1.300891,
4.498423,
4.556677,
6.382887,
0.658373,
-2.073201,
-1.724978,
-0.745982,
-2.403198,
-2.905459,
-1.494727,
1.328352,
2.453154,
0.712303,
-2.533860,
-0.030287,
1.446347,
5.209448,
5.770671,
5.043646,
3.559361,
0.471082,
-4.561677,
-2.436871,
-5.443297,
-1.894347,
-4.263634,
-3.443083,
-4.016144,
-3.584526,
-4.062948,
-4.119127,
-3.872391,
-2.291232,
-4.100239,
0.863906,
-0.171574,
2.797655,
-0.737238,
-1.049851,
-0.260856,
1.312391,
-1.153719,
-0.588847,
-0.380274,
0.773855,
-1.163028,
-5.224689,
-2.290408,
-3.284660,
-5.210752,
-5.303643,
-2.524377,
0.511455,
2.798651,
3.819133,
5.803585,
8.635335,
11.684731,
10.031398,
3.787897,
-0.057928,
-1.954002,
-3.510024,
-2.733632,
-3.297251,
-2.173744,
-1.629558,
0.612254,
0.080190,
-0.161467,
-3.142829,
-6.400139,
-5.085788,
-8.139594,
-9.876615,
-6.667915,
-8.668151,
-8.168898,
-6.754498,
-4.870933,
-5.713595,
-4.592700,
-7.416387,
-5.189947,
-4.065016,
-0.095509,
3.741845,
1.505598,
2.744923,
8.929355,
7.360252,
2.003083,
0.629559,
-0.374346,
0.780390,
-1.125263,
-0.448488,
-0.895015,
-3.785802,
-7.066487,
-8.641736,
-7.992427,
-6.701929,
-6.313246,
-3.578303,
-2.603197,
-2.271277,
-1.935441,
-2.390079,
-3.553347,
0.579708,
0.021504,
7.200002,
7.355405,
5.159170,
7.449147,
4.204660,
-1.065613,
-2.065780,
-4.429546,
-4.957366,
-6.938998,
-9.976064,
-8.002784,
-2.842210,
0.393673,
0.746437,
-1.558126,
1.440909,
1.144906,
0.460109,
0.920892,
-0.121109,
-0.250946,
0.157714,
-0.126454,
-2.959139,
-5.599164,
-3.961902,
-3.672593,
-3.376602,
-2.397441,
-3.512723,
-1.817277,
-1.616222,
0.077392,
1.755720,
2.088152,
4.156840,
3.651317,
0.780241,
0.876919,
0.481276,
0.471039,
2.002724,
2.294855,
3.351460,
4.067603,
9.201789,
8.502638,
9.002949,
7.443470,
6.552223,
6.477638,
5.132179,
-0.733448,
-2.797537,
-1.157438,
-0.171527,
0.870200,
3.209892,
4.443694,
3.416240,
4.154333,
1.835528,
1.722554,
-1.708607,
-2.593226,
-6.314721,
-2.892581,
1.671261,
5.595597,
8.101632,
8.363552,
9.866762,
10.701493,
7.506164,
5.257084,
2.897970,
1.646217,
-1.450798,
-4.909268,
0.514333,
1.813091,
-0.319654,
1.711613,
0.444439,
-2.019408,
-3.681984,
-3.852498,
-4.490692,
-2.989065,
-1.788725,
-0.307162,
-1.720923,
-3.079364,
-2.728892,
-4.603823,
-5.275109,
-5.625095,
-7.863580,
-8.257386,
-4.048351,
1.339269,
-0.357593,
-1.097115,
-0.900161,
2.844682,
3.250212,
4.427500,
4.992728,
5.842462,
3.297805,
5.525153,
3.182901,
3.299658,
3.059534,
3.645785,
2.314928,
6.379969,
7.294168,
7.435051,
1.930630,
-1.265586,
-2.853062,
-1.358231,
0.936289,
3.697508,
3.685409,
3.034444,
-2.049574,
-7.087907,
-9.501836,
-12.043030,
-11.473531,
-10.978654,
-7.040218,
-4.825887,
-3.656546,
2.173874,
2.055400,
0.613565,
2.487680,
-0.070654,
-0.145956,
-1.317569,
-3.334545,
-1.592179,
-3.191289,
-3.750353,
-3.907276,
-1.913834,
-5.616093,
-5.564239,
-8.708078,
-7.554803,
-5.684434,
-1.887231,
-1.502822,
1.817162,
3.466226,
2.931195,
1.744357,
-1.380561,
-0.476590,
0.178680,
0.110905,
1.822909,
1.935395,
0.514870,
-2.408103,
-4.690161,
-7.458651,
-9.614978,
-10.855864,
-9.241189,
-5.536859,
-3.555166,
0.047360,
3.136751,
2.927406,
4.242249,
1.979948,
-3.195158,
-1.344394,
0.841836,
2.368342,
3.925898,
4.033296,
3.548952,
4.615554,
5.076673,
3.249214,
4.974705,
5.827198,
5.314158,
2.386433,
0.949990,
-0.058614,
0.302578,
-1.696348,
-1.113387,
-1.931891,
2.021647,
1.620671,
1.761006,
4.279693,
6.431142,
10.645769,
8.498288,
5.346761,
6.549054,
4.242612,
1.292169,
1.240767,
2.444976,
0.274172,
-2.024983,
-2.143187,
-0.891217,
-0.629183,
-1.927752,
-3.372231,
-3.457072,
-0.237865,
-3.262782,
-4.809007,
-2.731599,
-2.410499,
0.911197,
2.431031,
1.548574,
3.177032,
2.752097,
2.483350,
1.195898,
3.176125,
-1.010164,
-5.692441,
-8.365144,
-8.874654,
-7.154862,
-5.031664,
-5.760150,
-2.155163,
-0.709204,
-0.210927,
0.863586,
0.375084,
-3.472481,
-1.289227,
-0.639117,
1.448246,
3.952172,
4.573519,
6.345265,
6.897566,
5.135833,
1.547700,
1.596143,
-0.462186,
3.178523,
5.359403,
6.129615,
4.672456,
5.598663,
6.984176,
5.184362,
2.663004,
-0.106230,
0.796035,
1.497281,
-1.110955,
-2.929072,
-3.144554,
-4.957565,
-5.834002,
-4.975902,
-2.699920,
1.358391,
5.037597,
7.776288,
7.225954,
8.131981,
8.639006,
6.957764,
3.425316,
5.189091,
5.762257,
8.417513,
9.761370,
8.987257,
11.544703,
11.208284,
9.042414,
9.862309,
4.484649,
-0.258018,
-2.850654,
-4.590578,
-2.764704,
-4.327731,
-1.725126,
-0.938344,
-1.475428,
-1.622654,
-1.026319,
-0.507214,
-0.515433,
-2.453232,
-6.189729,
-3.430477,
-1.430651,
1.918179,
1.244716,
1.017546,
5.301568,
6.120326,
5.978442,
6.716652,
3.087008,
2.691565,
-1.624843,
-5.311865,
-4.311522,
-2.766662,
-3.308008,
-2.491864,
-0.098381,
0.288395,
0.735744,
-0.630125,
-1.104737,
1.559887,
1.948132,
-0.253523,
4.064349,
0.462809,
-2.861913,
-2.178710,
-2.678657,
-2.292087,
-2.278741,
-3.963197,
-5.975426,
-8.026171,
-6.842433,
-6.416343,
0.151838,
5.208930,
6.580254,
4.759250,
2.566420,
4.374167,
0.766655,
-1.341796,
2.112646,
1.749705,
3.293064,
3.295510,
2.062786,
1.916515,
4.326897,
3.972021,
5.727483,
7.983050,
7.110328,
3.464603,
0.245778,
2.099809,
0.888732,
-0.053442,
2.995856,
3.618425,
2.436500,
0.926194,
4.424036,
3.467469,
2.913991,
1.469787,
-3.425357,
-6.716583,
-4.582588,
-4.674632,
-1.169028,
-0.161707,
6.454253,
9.813923,
11.999114,
11.948213,
10.490925,
10.471346,
8.257632,
4.970031,
0.739162,
-2.736202,
-3.050501,
-2.977843,
-1.017718,
-0.627405,
2.399686,
4.450870,
2.254131,
3.245921,
5.278662,
-0.290256,
0.701166,
0.658632,
-0.949942,
-0.639690,
3.260745,
-0.229458,
2.627488,
2.094313,
3.024738,
3.155421,
2.700267,
1.669823,
0.830811,
2.998114,
5.593386,
7.297263,
7.430709,
8.031259,
6.676587,
3.651002,
0.840218,
1.834121,
1.405984,
3.391567,
3.565102,
1.603641,
-0.902942,
-2.872386,
-4.955692,
-6.642582,
-4.735672,
-5.617413,
-3.427740,
-2.930174,
0.782661,
2.963586,
5.768250,
3.523020,
1.798295,
1.890045,
-1.510058,
-5.153344,
-1.649966,
-2.960086,
-0.304150,
0.302720,
-1.357831,
-2.778412,
-2.189765,
-5.752756,
-4.692957,
-0.917245,
3.992070,
0.971120,
2.840650,
4.336327,
3.832830,
4.203971,
3.400060,
7.291460,
5.549061,
5.605425,
1.358157,
0.873468,
-1.819381,
-0.336335,
-1.426983,
-0.817913,
-0.523207,
0.415227,
-0.030336,
0.702772,
2.567841,
0.816383,
-1.013192,
-0.334057,
-0.531163,
2.327944,
2.833351,
6.599831,
10.402836,
10.946908,
9.596768,
5.475418,
0.484152,
-1.308121,
-1.614482,
-0.670718,
0.455416,
1.414036,
-1.408993,
-1.530841,
-1.297258,
-1.171582,
1.921121,
1.575282,
3.965860,
5.410138,
3.583541,
2.793412,
1.765037,
-2.748267,
-5.505605,
-4.849195,
-4.693133,
-1.539488,
0.518280,
2.828982,
6.854936,
3.158629,
1.347314,
3.087324,
1.929156,
0.432679,
-1.018953,
-2.857597,
-3.254169,
-3.455158,
-2.719748,
-0.199696,
-0.798368,
-1.266455,
1.582682,
-0.302013,
-2.221175,
1.157124,
-1.297270,
0.371816,
-1.695040,
2.777799,
5.252271,
5.728840,
7.625602,
5.528909,
3.228804,
3.287510,
-0.789920,
-0.105338,
-3.122383,
-5.515030,
-6.378603,
-5.421986,
-2.230656,
-2.326840,
-2.295972,
-2.834947,
-1.833729,
0.413192,
0.626300,
2.096129,
-0.487781,
-0.992506,
-3.636457,
-5.073997,
-6.982909,
-1.677730,
3.284850,
6.227557,
7.710028,
5.793821,
1.771976,
1.504947,
-1.528090,
-2.426636,
-4.174557,
-5.304828,
-7.286063,
-7.348544,
-6.298919,
-4.728025,
-1.767336,
-3.255162,
-4.845304,
-1.815165,
-2.018214,
-2.077310,
-1.939564,
-0.685535,
-2.588666,
-4.490271,
-3.868832,
-2.953665,
-3.598328,
-1.865272,
-1.948480,
-0.246522,
3.016585,
6.868391,
5.442708,
6.538961,
5.656949,
4.451630,
2.727113,
-1.425495,
-0.695066,
-1.876993,
-4.942595,
-4.409521,
-1.491399,
0.105420,
2.014182,
0.865516,
4.503948,
5.541815,
6.022368,
5.894684,
3.151803,
-1.607996,
-1.192985,
-5.206830,
-6.131773,
-7.147342,
-2.476507,
-3.351631,
-5.349217,
-5.241950,
-5.842614,
-3.929755,
-3.703101,
-3.398719,
-1.706031,
-3.822508,
-0.887736,
1.058663,
1.571174,
3.273718,
4.207448,
6.436562,
7.360524,
5.429446,
1.821593,
1.579895,
-2.432304,
-3.432167,
-2.346793,
-3.773784,
-3.647925,
-3.138009,
-0.999505,
0.987344,
1.987958,
1.067397,
2.895671,
5.215284,
2.795921,
-0.819076,
-2.698432,
-0.536305,
2.972912,
4.589315,
1.069074,
3.552706,
3.612627,
4.207720,
4.175698,
2.829214,
0.924778,
1.556244,
1.353961,
-3.204514,
-3.157579,
-1.244988,
0.158892,
1.781407,
5.120867,
5.483712,
4.896080,
5.346999,
6.924616,
4.985223,
1.268603,
3.836181,
1.500770,
4.273315,
2.107884,
1.631181,
-1.206555,
-0.597372,
-1.486530,
0.430569,
1.418081,
5.260373,
5.621938,
2.686123,
-0.471951,
-2.704907,
-2.574217,
-5.034392,
-2.152590,
-1.012674,
2.840806,
4.530479,
5.883354,
1.910146,
4.847056,
2.246392,
3.120611,
1.178243,
-3.204162,
-5.120323,
-5.257158,
-3.753109,
-5.824111,
-1.495703,
-1.081493,
3.814297,
3.997278,
1.665325,
-0.953148,
-1.451385,
-4.937111,
-4.867740,
-2.209623,
-1.690129,
-1.733448,
-1.840610,
-6.592680,
-2.057311,
-3.110637,
-4.402106,
-4.473226,
-3.865293,
-4.328417,
-3.693029,
-3.833442,
-4.105626,
-5.487513,
-5.504875,
-4.363530,
-1.114307,
2.648836,
6.013152,
7.159495,
6.660738,
4.264212,
4.574451,
3.627291,
0.775158,
0.828517,
3.441847,
5.551255,
5.777695,
1.072258,
-2.224138,
-6.088930,
-5.768313,
-6.789370,
-5.468945,
-0.807391,
-0.445676,
2.170391,
-0.589703,
-1.029282,
-0.951767,
-2.397405,
0.216306,
0.757648,
1.276241,
0.937505,
3.385820,
5.704324,
4.817167,
4.045890,
3.099321,
1.974368,
-1.445674,
-2.472988,
-6.491247,
-7.355853,
-5.293703,
-4.791974,
-3.572544,
-4.213111,
-7.531508,
-6.521840,
-7.757952,
-7.918007,
-8.407581,
-7.072537,
-6.155109,
-5.761339,
-5.540168,
-4.053191,
-4.242811,
-2.900769,
-1.974150,
-2.257847,
-2.101218,
-0.132724,
-2.690223,
-1.239349,
0.173305,
-0.481939,
-1.563990,
-2.470579,
-1.622382,
-3.155655,
-0.426572,
-0.264420,
3.884931,
7.007010,
3.146235,
0.659465,
0.579807,
2.491633,
0.990849,
-1.191556,
-2.249843,
-1.005430,
-0.121403,
0.358735,
-1.534741,
2.238619,
4.814931,
5.252334,
4.133781,
4.162813,
3.889755,
0.238035,
-3.399509,
-2.896445,
-2.384204,
-3.644179,
-3.352555,
-0.371937,
1.515824,
0.276958,
-2.071868,
-5.837098,
-5.534510,
-3.720398,
-2.535899,
-1.462774,
-2.296912,
-1.182016,
-2.592727,
-0.336969,
-3.082511,
-2.949834,
-2.546713,
-1.438255,
0.903592,
3.285081,
6.361653,
8.291721,
13.689589,
10.747765,
9.328443,
5.260973,
4.270301,
4.872437,
4.495711,
0.007559,
-1.229897,
-3.469772,
-4.326612,
-6.960165,
-4.972337,
-4.488189,
-2.471009,
0.147616,
2.247906,
2.050947,
-0.628998,
0.529414,
1.111452,
0.697459,
0.709487,
0.782300,
2.926527,
-0.229300,
0.198065,
-0.060239,
-0.639199,
-0.245804,
3.959753,
6.541543,
6.207991,
8.139313,
4.323606,
2.076688,
3.753596,
5.282684,
6.683601,
9.306116,
6.228072,
2.668868,
-1.914216,
-7.518936,
-7.370280,
-7.043260,
-6.077771,
-0.848730,
-1.539173,
-0.190021,
0.080842,
5.193590,
4.766386,
0.703787,
-0.613197,
-0.716784,
-3.373607,
-5.535820,
-5.586301,
-5.442589,
-6.551247,
-7.954774,
-9.482253,
-6.821437,
-5.271824,
-6.597411,
-6.351884,
-3.623323,
1.937809,
-0.475105,
2.051337,
3.883397,
-0.323119,
1.372013,
2.318476,
4.598082,
7.734251,
3.579522,
5.106674,
2.137758,
1.660017,
4.402141,
3.115707,
7.709807,
6.482358,
3.549132,
1.313589,
1.175426,
-0.443360,
-3.744201,
-4.182986,
-4.335015,
-0.151923,
1.698349,
4.440423,
4.104455,
3.017443,
0.876597,
-1.729616,
-5.054433,
-3.711111,
-3.393199,
-2.754665,
-1.491387,
0.649437,
3.419001,
5.660214,
5.850550,
9.005251,
6.213785,
3.876729,
3.268165,
3.535076,
4.108512,
4.690935,
7.487250,
5.822064,
6.992278,
5.540492,
1.325218,
0.733393,
1.105788,
1.370825,
3.867077,
4.887379,
4.050166,
4.025541,
2.715554,
2.274418,
1.536544,
-2.859912,
-3.323496,
-5.265435,
-3.060258,
-0.922426,
-0.775414,
-1.943766,
-4.478248,
-5.934093,
-4.931042,
-1.294751,
1.206007,
0.145299,
1.834270,
3.958768,
0.898337,
1.246341,
-0.769205,
2.518293,
3.913242,
-1.026446,
-1.119582,
-1.773398,
-2.691254,
-0.980740,
-1.863435,
-0.059654,
-1.741181,
-0.107512,
2.520126,
3.336238,
0.741626,
3.796312,
4.028953,
5.885638,
-0.311595,
-0.257387,
-3.399827,
-4.512766,
-9.609469,
-10.800959,
-11.222565,
-8.386132,
-10.339178,
-7.126746,
-9.674426,
-8.810253,
-8.695489,
-8.240608,
-8.417910,
-6.851792,
-6.886626,
-8.152854,
-6.529961,
-5.272546,
-5.037490,
-7.022020,
-8.328175,
-7.958574,
-7.236530,
-7.199737,
-6.303892,
-1.887430,
1.355082,
3.613319,
4.141361,
5.664255,
4.346706,
3.318792,
2.545315,
3.674524,
4.194451,
2.913603,
3.981561,
6.086011,
5.542260,
6.250704,
4.543324,
-0.158470,
-4.184396,
-5.297736,
-4.463393,
-4.631341,
-1.745388,
-2.440483,
-3.211153,
-4.178726,
-6.611038,
-3.858661,
-1.788696,
-3.891709,
-1.913363,
-2.268662,
-3.608085,
-5.358885,
-6.074055,
-1.057050,
2.097243,
2.995118,
2.937869,
1.830525,
-0.700274,
-0.287492,
-1.571958,
-3.196741,
-5.135109,
-5.543175,
-5.692877,
-3.872519,
-3.203776,
-1.421403,
-3.031256,
-4.182806,
-6.759958,
-6.379349,
-4.290562,
-3.487270,
-6.390175,
-5.103925,
-4.416917,
-1.854388,
-2.745119,
-0.569607,
0.369576,
3.253338,
2.909178,
5.321284,
0.989582,
-1.740943,
0.755663,
1.286852,
0.146688,
-0.088172,
-0.050832,
-0.829045,
0.912595,
-1.457306,
-4.657113,
-9.106072,
-9.539393,
-8.773535,
-7.923746,
-4.923977,
0.266683,
1.989050,
2.012400,
4.757472,
7.147722,
5.141308,
2.302966,
-2.493061,
-4.534762,
-3.813645,
-4.404965,
-5.781810,
-5.367608,
-5.675450,
-3.003770,
-2.544912,
-0.462168,
1.965245,
0.541432,
-1.657876,
-3.734553,
-5.898691,
-4.921989,
-3.143248,
-2.424248,
-3.222447,
-2.290675,
2.240217,
3.503211,
1.605111,
0.530010,
0.235315,
2.066656,
1.344830,
0.352899,
-0.355757,
-0.794819,
-0.922743,
1.188016,
-0.302569,
-2.897939,
-3.282274,
-5.272733,
-5.308308,
-0.633333,
2.514350,
4.297277,
7.631663,
4.288465,
2.274640,
-1.222916,
-4.324849,
-4.767191,
-1.603604,
-4.110311,
-1.258779,
-0.867618,
-1.222953,
-0.175755,
-2.409944,
-3.625121,
-0.460241,
1.574007,
3.143028,
5.201933,
5.176664,
6.658408,
4.969922,
0.209729,
-2.902240,
-5.374460,
-8.098970,
-4.842183,
-1.817164,
-2.116950,
-0.346731,
-1.678263,
-1.663894,
-5.626222,
-6.545871,
-7.351933,
-6.572316,
-4.210921,
-5.925144,
-3.854670,
-3.306730,
-2.926492,
-5.074124,
-4.320921,
-3.521041,
-3.990945,
-4.352835,
-5.476388,
-3.812078,
-1.358165,
-2.240962,
0.576317,
1.611503,
2.262256,
6.097406,
4.250788,
3.969719,
3.039279,
0.353452,
0.248218,
0.202570,
1.222514,
2.931364,
4.960103,
2.272031,
0.336945,
-0.926250,
-1.251809,
1.369856,
2.500181,
4.758480,
4.062821,
2.699540,
-0.739001,
-2.001036,
-1.899937,
-1.435104,
-1.088508,
0.244200,
-0.394489,
-2.708387,
-5.596446,
-5.174714,
-4.011886,
-3.738316,
-4.253377,
-4.609268,
-1.851801,
-2.004730,
-2.616383,
-4.735278,
-3.654036,
0.144072,
1.004371,
4.610668,
6.715611,
6.794294,
3.469836,
0.928748,
0.302698,
-0.780591,
-5.100704,
-4.345509,
-3.612457,
-0.875875,
-3.048949,
-1.722731,
1.784167,
1.797633,
-1.440216,
-3.293713,
-4.599411,
-6.444912,
-5.157982,
-4.727275,
-3.441009,
-2.472388,
-3.892645,
0.050051,
-1.479302,
-0.476158,
-0.021171,
-0.813998,
-3.238411,
-3.175914,
-4.313851,
-3.064621,
-5.571670,
-7.968469,
-7.209364,
-4.233333,
-5.082773,
-0.020335,
2.576548,
2.131564,
-1.401137,
-2.619170,
-0.215136,
0.157994,
-1.224979,
0.474736,
3.316855,
3.116271,
-0.437908,
-1.728736,
-5.062948,
-7.331741,
-3.459290,
-6.605733,
-3.105889,
-3.107463,
-3.885638,
-6.365546,
-7.852536,
-9.715258,
-5.552179,
-5.752718,
-7.077974,
-6.635168,
-3.478366,
-1.292683,
-4.557436,
-2.360867,
0.218204,
-1.775809,
-2.667882,
-1.625720,
-4.036595,
-2.349043,
-1.890727,
-1.828961,
-0.039706,
-1.109679,
2.733825,
2.365585,
3.702302,
5.469812,
3.513321,
2.267684,
1.179132,
4.480372,
4.492801,
2.488616,
2.743803,
-0.044103,
0.541083,
-2.940878,
-3.744240,
0.380310,
2.959699,
3.903140,
1.420654,
-0.033816,
1.695016,
0.425930,
1.321522,
2.387828,
1.706103,
-0.206329,
-2.360180,
-1.293353,
-4.151074,
-3.215731,
-2.846149,
-1.904093,
0.320284,
-1.101774,
1.100504,
-2.080039,
-5.630027,
-7.033852,
-6.081231,
-4.830425,
-4.668666,
-3.686394,
0.215773,
1.426290,
3.607107,
1.949536,
-1.462353,
0.918285,
0.535522,
0.785883,
0.767547,
3.316883,
3.587457,
5.926174,
3.468434,
0.076685,
-0.531224,
1.829133,
-1.530956,
-1.146774,
0.547773,
0.308914,
-0.435175,
-1.233400,
-3.487517,
-1.604152,
-3.704798,
-3.487489,
-4.066307,
-2.086677,
-1.170093,
-1.038251,
-0.613388,
0.292978,
2.061323,
6.384527,
3.354404,
3.338406,
1.388149,
3.082594,
3.719230,
2.132902,
1.873617,
0.067913,
0.221752,
-1.355151,
-1.975151,
-0.905949,
3.231872,
2.822593,
4.422291,
7.049967,
9.126957,
8.085859,
7.801320,
7.403963,
3.807208,
4.182855,
-0.252204,
-0.709636,
-3.210441,
-6.454630,
-9.049751,
-9.987953,
-10.611193,
-8.649891,
-7.125363,
-2.488225,
-0.845266,
-0.299808,
-2.276002,
-1.437381,
-2.945151,
0.189039,
0.505067,
-2.618673,
-3.041419,
1.189024,
1.630922,
0.645822,
2.746506,
4.183467,
5.637754,
5.437906,
1.380064,
-2.766568,
-2.441417,
-4.776494,
-4.370385,
-2.915736,
-3.612064,
-2.517021,
-0.999012,
0.005132,
2.594687,
5.967922,
8.230346,
6.316848,
2.690314,
0.294392,
-0.427387,
-0.548368,
-3.944610,
-2.662313,
0.092039,
1.200180,
-1.749682,
-2.635718,
-3.897652,
-1.892956,
-2.564999,
-3.381496,
-0.585917,
1.841187,
4.259895,
2.027115,
5.399686,
4.404266,
-0.513830,
-0.055445,
-2.269379,
-5.439289,
-3.876823,
-5.703284,
-3.674622,
-6.198076,
-4.328966,
-3.152126,
-3.221281,
0.089903,
-0.004879,
3.123002,
5.492388,
5.274255,
7.022823,
5.647281,
3.555693,
6.031108,
6.160719,
4.414036,
1.243580,
1.892834,
1.698062,
3.868566,
4.677956,
4.564888,
0.301794,
-1.820097,
-2.280429,
-2.427775,
-1.814700,
-2.486943,
-3.214864,
-5.175902,
-5.548737,
-5.930428,
-4.125072,
-1.623316,
2.724755,
4.546577,
1.870834,
1.583320,
3.361889,
2.365283,
-0.161078,
-2.389151,
-2.809282,
-0.032919,
-1.336498,
-5.622862,
-5.127265,
-5.730500,
-3.449423,
-6.003062,
-4.569983,
-2.586104,
0.243014,
-0.816429,
-0.521253,
-2.162331,
-3.792475,
-4.558448,
-3.665897,
-4.837054,
-4.127626,
-1.796082,
1.242017,
1.808130,
0.533177,
-0.191260,
-2.305903,
-3.677140,
-3.418034,
-3.102206,
-3.477972,
-0.823058,
-1.105405,
-0.638108,
-0.295380,
2.446828,
0.842718,
1.774000,
1.831773,
0.390473,
1.314513,
0.156339,
0.999832,
1.315060,
0.950796,
0.900087,
0.536433,
-1.892319,
-4.301696,
-5.276439,
-4.457895,
-2.842849,
0.813546,
4.760369,
3.973446,
2.473226,
5.983673,
5.887939,
4.555211,
4.433936,
3.839648,
1.989918,
3.127619,
-0.281950,
-0.799870,
1.984819,
1.648070,
1.151984,
2.787856,
4.938699,
2.107182,
0.459721,
2.499707,
1.709848,
1.331411,
-0.417797,
-3.099172,
-3.124201,
-2.581056,
-0.790758,
-0.590990,
1.286449,
3.375277,
5.898023,
4.115509,
3.433589,
3.401499,
3.607817,
4.755574,
4.048449,
4.169986,
0.591455,
0.851581,
3.160055,
3.950959,
5.754529,
6.089598,
5.726982,
3.958570,
4.214915,
2.312737,
1.162223,
0.726202,
2.854080,
0.036023,
-0.452638,
-0.660038,
-1.384370,
-4.814412,
-5.140061,
-2.983393,
1.021126,
1.327127,
3.339667,
4.993986,
5.039330,
5.377282,
3.763217,
3.634214,
2.996678,
2.607324,
3.024297,
1.250650,
0.664996,
-2.251902,
-5.136927,
-5.301823,
-7.049180,
-6.942189,
-4.092035,
-3.381705,
-3.476738,
-3.354670,
-1.069881,
-1.856024,
-2.911321,
-1.592059,
-0.801308,
-0.657489,
-3.365066,
-4.480996,
-5.820416,
-5.592476,
-1.843596,
0.138209,
-0.393786,
1.197583,
-0.226703,
-0.369548,
-0.719334,
-2.240101,
-5.021889,
-5.239919,
-6.261309,
-6.775775,
-6.580871,
-8.346705,
-6.599963,
-5.832937,
-5.660681,
-5.433715,
-7.275555,
-2.915056,
2.258566,
3.014063,
2.471079,
1.515151,
-1.422611,
-2.911040,
-1.975125,
-2.712350,
-2.833195,
-3.068838,
-2.712908,
-3.267227,
-0.303713,
-1.203330,
-1.139209,
-0.647536,
-0.752281,
0.521180,
-0.146480,
1.735697,
2.055707,
-0.484333,
-0.064786,
0.204141,
-2.633206,
-4.220418,
-3.461092,
-4.111873,
-5.996679,
-4.289171,
-3.836646,
-1.235134,
-0.039476,
0.379738,
1.208329,
3.438535,
6.899947,
2.055206,
0.066091,
1.433075,
0.836175,
-2.513390,
-3.072903,
-2.543456,
-1.175027,
-1.027212,
0.036516,
0.717764,
0.742189,
0.253795,
0.700466,
3.860151,
1.877739,
2.807788,
4.324655,
3.691726,
4.354172,
3.182229,
0.733685,
-0.966168,
0.689786,
-0.146460,
-2.732716,
-3.505713,
-5.795760,
-3.730420,
-4.580728,
-5.773765,
-7.554390,
-7.324141,
-6.314872,
-6.272670,
-5.481465,
-3.507691,
-1.088558,
-2.291262,
-2.809428,
-0.698322,
0.987265,
2.763934,
4.037360,
1.844037,
2.659855,
1.028935,
-1.593322,
-1.843487,
-3.482501,
-2.618137,
-3.483928,
-5.408669,
-1.750855,
-1.177819,
0.360893,
1.903393,
3.825433,
2.946399,
1.648734,
2.913113,
2.516298,
3.440700,
5.886099,
3.006017,
3.752615,
4.590659,
1.005396,
-0.584673,
0.305549,
-0.695402,
-1.369051,
-2.701149,
-5.058779,
-6.239112,
-7.395128,
-9.005159,
-7.998414,
-4.717780,
-0.563817,
1.273527,
2.806479,
2.121616,
2.718115,
-0.453514,
-0.333984,
-0.713352,
-0.069485,
0.631026,
-1.815668,
-1.250986,
-1.062430,
1.525583,
1.783778,
-0.050927,
3.436366,
3.634286,
2.560679,
-0.688179,
2.157612,
-1.453341,
3.195151,
5.506410,
6.296514,
7.410851,
4.493616,
0.122776,
-3.901396,
-6.675944,
-6.852552,
-6.971539,
-5.744945,
-2.032287,
-0.928654,
-1.817793,
-2.697010,
-4.837269,
-2.553922,
0.502261,
-0.852793,
-1.783932,
-3.906914,
-2.397523,
-6.184190,
-3.524905,
-2.453686,
-0.711445,
1.605632,
2.189929,
0.614727,
-0.135891,
-0.318537,
-1.830779,
-1.565964,
1.225056,
-1.524928,
-0.976949,
-1.532782,
0.244301,
2.340640,
3.026316,
2.347734,
2.065009,
0.501738,
-1.349402,
-2.766044,
-1.173268,
0.426870,
2.387876,
3.294428,
0.858031,
-2.767608,
-3.775572,
-4.353340,
-3.247670,
-5.948040,
-3.640369,
-4.408251,
-7.031622,
-4.766905,
-1.792490,
-2.107246,
1.657008,
1.960635,
6.141192,
6.808795,
7.056550,
7.040252,
3.446699,
3.003638,
-0.557292,
-3.070310,
-4.116881,
-5.213262,
-2.541892,
-0.179296,
0.567469,
1.080203,
1.969905,
1.839688,
0.624432,
0.038860,
0.079353,
-0.245200,
-1.047113,
0.563251,
0.635441,
2.046376,
1.883504,
1.465603,
1.368387,
1.406127,
0.645642,
1.621578,
1.301403,
3.973570,
2.321064,
0.448724,
-2.537561,
-6.168281,
-5.700271,
-4.804382,
-7.193982,
-4.359295,
-4.875440,
-7.320992,
-4.266050,
-8.195794,
-11.315496,
-10.602974,
-7.919206,
-4.257914,
-5.387422,
-6.367682,
-3.486634,
-4.134002,
-4.162620,
-3.716895,
-2.140927,
-4.462687,
-3.333129,
-2.459473,
-2.132457,
-0.590509,
-1.462713,
-0.298529,
-0.014700,
2.346280,
4.794915,
4.667428,
3.426026,
5.782875,
6.447202,
5.554060,
4.271075,
-0.334430,
1.010260,
-2.457907,
-3.250582,
-2.155020,
-1.770290,
0.192396,
0.805444,
1.372386,
2.189035,
1.859922,
-1.021660,
-1.150024,
-2.707738,
-1.178003,
-0.433886,
-0.163509,
-0.100655,
2.619502,
3.011891,
2.858499,
0.220823,
0.700622,
-0.657953,
0.472219,
-1.368963,
-1.390819,
0.129854,
2.379134,
0.903761,
0.976902,
-0.304347,
-1.241611,
-1.146514,
-1.183076,
-0.463711,
-3.252471,
-2.463251,
-2.310157,
0.944370,
1.283804,
1.902699,
2.827736,
3.292706,
5.750229,
5.747023,
2.021240,
2.222893,
4.865462,
3.699252,
0.456574,
0.000570,
2.588216,
3.252080,
4.760878,
2.276739,
5.671183,
4.663095,
1.695228,
-2.246774,
-7.674136,
-8.490849,
-10.240690,
-8.602440,
-8.534613,
-5.870264,
-6.202945,
-4.513898,
-5.258483,
-3.359936,
-1.375102,
-0.189916,
1.527860,
1.686432,
2.747403,
1.628162,
-1.412034,
-5.796824,
-7.849271,
-5.918224,
-2.903047,
1.081719,
1.668383,
4.499191,
3.632029,
1.469916,
-1.457105,
-2.251557,
-3.799310,
-3.554836,
-3.213060,
0.621383,
2.491970,
1.674014,
4.840098,
-0.014119,
-0.949925,
-2.288855,
-3.885634,
-6.467177,
-11.813495,
-10.258780,
-8.056999,
-5.874896,
-1.199434,
2.287085,
1.281684,
-2.427548,
-4.478325,
-3.752583,
-1.390806,
-0.954624,
-0.203883,
0.977413,
0.056338,
1.534406,
0.749397,
0.202584,
2.990603,
4.629858,
3.880421,
2.446945,
-0.663622,
0.515276,
2.983796,
3.618327,
2.074882,
2.290905,
1.159153,
1.875341,
-3.342548,
-6.361651,
-7.272338,
-4.251419,
-2.539049,
-4.025926,
-4.858082,
-1.555364,
0.717895,
0.233946,
0.661422,
-1.884832,
-2.526674,
-4.691126,
-2.567014,
-3.039858,
-3.870968,
-0.816133,
-1.706658,
0.414615,
-0.830238,
-1.538390,
-0.520980,
0.943701,
1.966918,
0.552318,
0.805525,
0.419947,
0.748900,
2.069062,
1.766755,
0.668075,
-0.748750,
-2.196755,
-4.293750,
-6.519009,
-7.476177,
-5.029714,
-4.162555,
-4.086736,
-4.908459,
-2.444017,
-0.230974,
3.426006,
6.139213,
10.772653,
9.920170,
9.017902,
6.742128,
3.019575,
-0.502121,
-2.593519,
-3.180440,
-3.498464,
-5.531838,
-2.877955,
-3.076844,
-3.680368,
-4.721062,
-6.318504,
-3.063066,
-1.549393,
2.006309,
3.346460,
5.590689,
7.939290,
5.161567,
4.253839,
4.074577,
3.358911,
1.880226,
1.099408,
-0.035889,
-2.305361,
-0.788705,
0.588278,
-0.652329,
-0.641375,
-0.195442,
-2.195715,
-0.449364,
1.805212,
0.685791,
1.170476,
0.687341,
1.712584,
2.696052,
2.410367,
0.214945,
-2.785072,
-3.717838,
-2.834379,
-3.459300,
-4.593344,
-2.844646,
-1.093483,
1.863334,
1.676986,
0.277627,
1.137621,
-1.969204,
-4.504907,
-7.326897,
-7.405732,
-4.750780,
-4.625138,
-1.259195,
-2.342084,
-1.948702,
-0.791432,
-0.767220,
-0.147787,
-1.374510,
1.435320,
3.462184,
2.436814,
2.950825,
1.893653,
2.773653,
2.494880,
1.691507,
1.811811,
1.092824,
0.498817,
-0.027230,
1.356602,
-0.214686,
-0.184032,
-0.911787,
-0.699098,
0.627857,
3.138470,
3.009520,
0.628332,
1.325035,
0.058597,
-2.021165,
-4.250786,
-2.742164,
-1.797685,
2.729874,
4.521988,
6.073390,
5.984605,
6.926175,
6.721037,
6.624277,
3.388639,
6.531542,
3.622195,
4.846037,
3.731321,
5.174016,
3.299345,
1.993137,
1.380900,
3.307012,
1.460996,
-0.800073,
-1.108993,
-1.654241,
-0.669489,
-0.157035,
-0.414852,
2.319900,
3.438881,
4.407876,
5.253487,
6.874560,
8.657615,
9.795898,
9.899391,
8.436192,
7.003793,
8.014350,
5.255605,
4.300304,
1.355967,
0.635676,
-1.401134,
-1.767808,
-3.514483,
-4.255001,
-3.910019,
-3.646044,
-0.493110,
2.156144,
2.035388,
0.203630,
0.323256,
-1.663307,
-3.767422,
-4.836264,
-6.358329,
-3.396283,
0.384135,
1.188883,
1.819701,
2.953637,
2.287337,
1.987963,
-0.726250,
-3.392047,
-2.313755,
-1.902566,
-2.413360,
-4.294836,
-2.158407,
-1.460358,
-2.427647,
-2.228084,
-3.931259,
-3.954416,
-3.413089,
-3.826998,
-5.587745,
-3.700664,
-6.507129,
-6.101692,
-4.096245,
-3.720452,
-3.340688,
-3.134322,
-1.579967,
2.453130,
5.827704,
8.006427,
6.930714,
8.443757,
7.954083,
2.850794,
2.082169,
0.741285,
1.421095,
0.578158,
3.544487,
6.334515,
7.711583,
5.225972,
6.302188,
3.562422,
2.749748,
3.040929,
-0.570975,
-2.434709,
-5.034596,
-6.415063,
-4.914515,
-4.820289,
-4.296606,
-0.711289,
-1.188023,
0.247352,
0.146828,
0.218752,
-0.414526,
-3.053922,
-3.299254,
-4.984971,
-5.778528,
-5.546013,
-4.301574,
-1.250237,
1.794546,
-0.385744,
0.532374,
2.324439,
2.047726,
1.183595,
3.778152,
3.666069,
3.479168,
2.456288,
-1.604229,
0.766247,
0.329867,
0.441428,
1.301566,
3.052066,
5.117487,
7.043170,
7.376696,
4.511532,
2.697248,
3.150790,
1.325760,
2.127454,
2.952657,
4.338804,
3.450547,
1.610801,
-1.310809,
-3.263462,
-4.208685,
-5.033333,
-4.255490,
-0.106942,
3.505739,
4.943877,
2.559740,
-0.121326,
-4.053066,
-5.060093,
-9.201977,
-7.696264,
-6.289680,
-4.255829,
-1.712873,
-1.610969,
-4.339008,
-3.199105,
-3.825178,
1.099919,
4.086673,
3.618783,
6.606568,
5.202349,
5.067589,
0.835076,
-1.004617,
-1.206872,
-0.238930,
3.085660,
1.138211,
-0.652974,
-4.956046,
-5.504651,
-4.323594,
-4.637666,
-5.456958,
-3.603426,
0.290532,
1.829326,
2.565552,
3.797588,
5.385606,
4.596329,
3.991164,
1.622991,
0.820134,
-2.536824,
-1.217798,
-0.659267,
0.537169,
2.443320,
2.345796,
3.212505,
3.957329,
1.894286,
1.232675,
1.315594,
-1.034875,
-1.932388,
-2.669404,
-1.121332,
-1.697146,
-3.470639,
-4.100641,
-7.355478,
-7.469290,
-5.383072,
-1.949563,
-1.687051,
-0.351435,
-0.483294,
-1.352747,
-1.671111,
-0.429838,
-1.875811,
-0.164156,
-0.770731,
-0.242502,
-2.379510,
-1.005084,
-1.665031,
-0.806884,
-2.567012,
-0.271751,
1.164660,
4.640454,
5.072322,
5.451306,
7.140572,
6.113392,
5.268728,
0.436661,
-0.514520,
-2.749040,
-3.143187,
-1.346596,
-2.738043,
-3.077160,
-2.897670,
-3.989558,
-3.130729,
-2.983030,
-7.587973,
-7.002017,
-6.448225,
-5.809729,
-2.595636,
0.666711,
0.864804,
0.258243,
1.990519,
1.451964,
1.973448,
4.004968,
5.831229,
4.592851,
2.491454,
0.429304,
-3.468090,
-5.333964,
-7.695071,
-5.313502,
-3.399192,
-3.574130,
-2.378314,
-0.533796,
-1.666857,
-0.655098,
-2.606247,
-4.630063,
-4.150193,
-3.769664,
-2.987886,
-4.354100,
-2.625927,
-4.190888,
-3.245517,
-3.787826,
-0.413433,
-0.046607,
-0.786591,
-0.880578,
1.237839,
-3.267002,
-2.949688,
-6.475228,
-8.119580,
-3.732224,
0.128174,
1.074188,
2.083646,
1.135213,
3.143036,
0.798148,
-3.185239,
-2.412259,
-0.618077,
-0.448337,
-1.357117,
-2.113642,
-1.402712,
-0.446507,
-1.627929,
1.377444,
2.513976,
0.559959,
2.848821,
3.159999,
-0.408096,
-0.719767,
-0.245155,
2.753192,
4.668553,
4.031406,
6.755928,
7.997098,
3.457324,
1.165605,
-1.438040,
-1.535902,
-3.637523,
-4.495088,
-4.126675,
0.373587,
-0.673230,
-1.587112,
-2.723231,
-2.165680,
-0.862649,
-0.772799,
0.494294,
1.802109,
4.590736,
7.152963,
8.246602,
6.434426,
2.224816,
0.466175,
-1.239754,
-0.311161,
-3.879225,
-4.901447,
-0.901029,
0.837697,
-0.254636,
-4.956225,
-5.658570,
-5.226036,
-1.573616,
-3.541546,
-3.107782,
-4.457416,
-2.651049,
-0.195313,
0.349639,
0.231408,
1.464996,
1.175724,
0.426536,
2.539765,
0.696826,
-0.712221,
0.991302,
0.064208,
-1.779590,
-3.092681,
-5.738505,
-6.808631,
-4.899685,
-2.996602,
-1.791680,
-2.206052,
-1.195248,
0.388219,
0.760967,
-0.199371,
-0.651911,
1.548076,
3.761219,
1.478552,
1.841111,
2.807239,
2.304773,
3.438862,
1.978957,
2.655678,
0.664760,
-0.683824,
-2.746276,
-2.205368,
0.581848,
-0.070457,
2.894734,
2.656806,
0.620938,
0.703073,
0.996764,
3.499022,
3.289420,
2.648106,
1.545156,
2.108049,
1.415054,
-0.481791,
1.278417,
-0.885132,
-2.010609,
-3.197690,
-2.062385,
-1.538184,
-1.507669,
0.258890,
1.642753,
1.244945,
1.616934,
1.679554,
1.376535,
-0.754896,
-2.910030,
-2.709322,
-3.605781,
-5.011747,
-3.971671,
0.231740,
-0.391267,
-2.204995,
-2.083187,
0.791042,
2.877061,
2.700599,
2.654149,
4.054249,
5.875794,
2.196772,
-0.565367,
-3.002883,
-1.335401,
-0.928304,
-1.969438,
-2.764336,
-0.693138,
-3.604054,
-3.967587,
-1.664202,
-0.607002,
2.119389,
3.989365,
2.977399,
1.154885,
-0.919927,
-4.153625,
-8.070143,
-5.903212,
-3.511068,
-0.033353,
1.838402,
2.147061,
1.348012,
0.899039,
-1.617930,
-1.707619,
0.773505,
-0.283291,
1.354354,
1.857929,
0.336157,
0.925544,
1.616321,
-0.404709,
0.407601,
-2.818491,
-1.066276,
-0.181167,
-1.953537,
-3.251544,
-2.636161,
-1.356625,
-2.471427,
-3.690990,
-3.427997,
-0.746107,
1.861053,
2.331867,
0.975653,
0.416087,
-1.045568,
-4.973965,
-9.273270,
-6.322431,
-3.621048,
-4.955313,
-2.039435,
-1.306302,
-1.715348,
-1.594874,
-4.211324,
-4.000483,
-3.930890,
-4.328377,
-4.364621,
-5.188689,
-3.380846,
-1.456279,
-1.113334,
2.836558,
2.823997,
3.534670,
3.028921,
4.600741,
-0.112614,
-3.215603,
-5.660105,
-4.058420,
-3.092300,
-2.565261,
-2.309625,
-2.842447,
-2.190524,
-4.001078,
-3.157961,
-6.081586,
-5.411221,
-3.681437,
-3.360366,
-2.647640,
-2.613692,
-4.378103,
-2.268235,
-4.528653,
-4.236555,
-5.845006,
-4.339395,
-1.658169,
-0.366942,
-1.624171,
-2.751526,
-1.475609,
-0.221477,
-1.040928,
0.564806,
-0.590468,
0.118245,
-1.843181,
-1.770392,
-2.316146,
-1.862022,
-1.416523,
1.646936,
4.219091,
5.755126,
7.348310,
8.156223,
7.572566,
8.833144,
7.759606,
3.882067,
2.316107,
4.538646,
4.762929,
3.431967,
4.672875,
4.249936,
3.731106,
4.125588,
0.903765,
-0.835568,
-2.917052,
-2.608281,
-5.394544,
-1.519290,
-0.021321,
1.016607,
1.667010,
-1.374681,
-5.541453,
-5.862995,
-3.621442,
-4.906307,
-3.980466,
-6.691100,
-4.450129,
-3.998190,
-2.663500,
-1.927891,
-2.879800,
-3.471244,
-3.722950,
-2.407833,
-2.669154,
-2.234436,
-0.637829,
2.717141,
1.925283,
2.148529,
2.679594,
4.879632,
5.624561,
5.064201,
3.889734,
3.889905,
4.754541,
3.521866,
5.897354,
2.810217,
1.813759,
1.720095,
-0.672328,
-0.453915,
0.655786,
-0.022841,
2.002477,
-0.486261,
-1.202798,
-0.732615,
-2.126271,
-2.672309,
-3.548693,
-3.129384,
-0.209725,
-0.191234,
1.193945,
2.551497,
2.622046,
4.156957,
3.119775,
4.516365,
1.638367,
-1.157629,
-2.382660,
-2.325026,
2.204795,
3.817685,
3.334145,
2.831910,
2.661205,
-0.303202,
0.678787,
-2.913462,
-4.314138,
-2.183961,
-1.324763,
0.884344,
0.237435,
2.602821,
0.430448,
-1.650751,
-5.575241,
-7.302780,
-5.401864,
-3.855819,
-2.760442,
0.266184,
0.437905,
2.478694,
0.156735,
-1.355236,
1.014494,
0.120248,
-1.566035,
-1.539157,
-3.583076,
-2.622420,
-0.363158,
2.628837,
5.276693,
4.612245,
4.652441,
5.144847,
5.333688,
3.029447,
-1.914118,
-3.009662,
-1.896330,
-3.140644,
0.440554,
0.319798,
3.785133,
1.416044,
1.382011,
1.357593,
0.484311,
0.873625,
-0.213366,
1.309706,
1.797848,
-0.483558,
-0.093761,
-3.132477,
-2.961041,
-3.530289,
-4.157537,
-4.228076,
-3.001439,
-2.825556,
-2.015779,
-3.458060,
-6.841585,
-7.103820,
-4.479447,
-2.993278,
-1.286546,
2.631438,
4.239615,
2.748344,
4.631880,
2.831890,
1.620357,
2.488011,
3.080773,
3.794829,
2.531604,
2.897816,
5.223903,
3.547325,
2.853483,
2.957739,
2.338859,
-0.775395,
-2.692288,
-0.170623,
-0.576427,
-2.131530,
-1.400294,
-2.621411,
-1.290863,
-0.893069,
-0.349626,
0.620425,
-2.732534,
-2.535310,
0.136873,
0.609435,
-0.625700,
1.917704,
1.888596,
1.189083,
0.161976,
-0.814363,
0.543611,
1.182497,
-1.513183,
-2.048448,
-2.896970,
-2.547765,
-4.399902,
-1.723478,
0.015879,
3.298276,
3.885856,
4.464847,
4.508686,
4.581362,
4.042721,
4.751809,
4.179423,
6.087532,
4.487870,
5.858417,
3.276023,
4.349482,
3.861180,
4.289943,
5.487220,
1.202688,
1.137906,
-0.384460,
0.647715,
2.320677,
3.891298,
3.841356,
6.419083,
5.737011,
5.261057,
4.216053,
1.294082,
-2.268478,
-3.688039,
-6.004876,
-5.019263,
-5.708612,
-5.274682,
-3.332687,
-0.539914,
2.242399,
0.795936,
-0.365077,
3.038426,
2.809027,
0.061988,
-3.401683,
-3.177286,
-4.918685,
-5.612703,
-3.436778,
-1.441581,
-1.579423,
-2.843652,
-3.127629,
-0.978998,
-0.635695,
1.201187,
2.579030,
2.671365,
3.966996,
3.379131,
3.667794,
5.534219,
6.936404,
8.395784,
6.648374,
4.941616,
3.812631,
3.313901,
-0.811468,
-2.199559,
-3.805257,
-5.972708,
-3.657741,
-2.451269,
-0.552997,
-0.678990,
0.807868,
2.242745,
4.391815,
1.765428,
0.652573,
-1.453166,
-1.214932,
-2.050248,
0.348275,
1.038353,
2.890992,
5.459004,
6.997679,
8.436217,
8.109383,
4.524667,
3.221275,
0.725971,
1.541954,
2.854307,
1.171787,
2.646515,
4.377898,
2.897439,
5.414124,
5.939241,
4.071920,
5.139724,
4.662754,
3.791997,
4.263074,
4.338524,
2.709213,
1.749846,
-3.147595,
-2.263958,
-0.369554,
2.004821,
3.369694,
0.625953,
0.270656,
-0.451704,
-5.041568,
-5.921349,
-5.138294,
-6.973325,
-7.042402,
-4.155301,
-2.184117,
-0.368859,
-1.987598,
1.632651,
4.834008,
4.517604,
2.426535,
0.304868,
-1.763490,
-6.677261,
-5.067338,
-2.049112,
0.029584,
2.307768,
2.833366,
0.451029,
-0.394815,
-1.206364,
-0.579302,
-1.623657,
-1.313569,
1.599424,
2.671963,
0.172504,
-0.142311,
-0.093187,
-0.471178,
-3.151536,
-0.972162,
0.261177,
-2.363862,
-3.042088,
-3.744220,
-2.943809,
-0.675698,
-3.572036,
-5.624472,
-3.379175,
-6.393909,
-3.725021,
-4.021222,
-3.618162,
-0.315456,
3.431444,
2.605927,
4.754388,
2.980137,
2.527378,
3.612388,
2.486307,
2.602548,
3.110641,
0.889941,
2.525813,
2.307769,
2.294390,
1.656147,
-1.034616,
-0.909198,
-1.652694,
-4.634431,
-3.268107,
-4.927125,
-3.932995,
-2.855281,
-2.416087,
0.119785,
-0.221192,
-0.932015,
-0.989973,
-1.395909,
-2.461226,
-1.679717,
0.007945,
2.054859,
1.777198,
-0.321224,
-0.619041,
-2.318582,
-3.561592,
-3.538000,
-4.761609,
-3.662892,
-3.459014,
-2.831440,
-2.117157,
-3.643482,
-4.304138,
-2.416289,
-2.538921,
-0.563401,
-1.598197,
0.934437,
-1.950183,
-4.230323,
-3.190423,
-3.424523,
-1.583916,
-1.880980,
-1.816994,
-0.334432,
2.533178,
4.789966,
4.791343,
2.967199,
4.056502,
0.651379,
-0.104348,
-0.821809,
-2.122439,
-1.994424,
3.361796,
5.276737,
5.668586,
4.552896,
0.739609,
0.150299,
-0.623280,
0.064000,
-1.044565,
-0.946028,
-1.569871,
-1.119653,
-0.644593,
-1.934524,
-0.995424,
0.593032,
4.759158,
7.679270,
6.111106,
3.201899,
3.067724,
2.211581,
1.668897,
1.160518,
-0.121245,
0.475436,
-0.075625,
2.979652,
4.122228,
3.578351,
2.595718,
2.802282,
1.252875,
-1.583510,
-3.627843,
-2.221683,
-4.441687,
-3.712460,
-2.995000,
-3.600299,
-4.031652,
-2.877018,
1.617981,
2.265543,
0.501029,
1.918573,
0.793291,
-0.929870,
-0.865845,
0.152244,
0.566393,
-1.160682,
-0.967870,
0.745330,
0.555844,
3.491263,
1.836274,
2.325070,
1.884843,
2.971495,
1.860663,
1.549318,
-0.244076,
-2.547332,
-1.666006,
-2.212085,
-3.741085,
-4.566434,
-2.898437,
-5.332003,
-7.109702,
-5.273587,
-6.092607,
-4.854637,
-1.249032,
-0.268486,
2.402328,
2.542248,
3.144931,
3.092035,
2.115381,
-0.961544,
-0.898777,
-0.941442,
-3.756337,
-3.717289,
-3.777282,
-4.076989,
-3.348757,
-3.373871,
-4.739520,
-5.108590,
-6.185327,
-2.744336,
-2.054977,
-0.074629,
1.813066,
5.878200,
4.726397,
2.695105,
-1.114921,
-2.681096,
-4.131264,
-3.095814,
-2.654819,
-2.916495,
-4.635732,
-4.547480,
-2.377236,
-0.549567,
-0.127836,
2.496274,
2.198982,
-0.556952,
-1.533804,
-2.898479,
-2.819445,
-2.973998,
-1.841946,
-1.040031,
-2.878575,
-1.618168,
0.119498,
0.271637,
1.349582,
2.029022,
2.740492,
2.431329,
3.238996,
3.247871,
5.161501,
3.107192,
3.381134,
3.746624,
2.887116,
2.617355,
0.741086,
0.260014,
1.227864,
2.794516,
3.212327,
4.608286,
4.878556,
4.489139,
6.102971,
3.826812,
1.158931,
1.880621,
2.542397,
3.017189,
1.913130,
-0.200977,
0.903536,
-0.619960,
-0.293893,
0.372404,
1.940762,
0.575248,
-0.970109,
1.635188,
2.350374,
3.328288,
6.473617,
5.428455,
4.019495,
3.868250,
4.702810,
6.093990,
4.860190,
3.254855,
2.365927,
0.670215,
1.716676,
0.740605,
2.920377,
2.712910,
4.406517,
5.802892,
4.658833,
3.224719,
1.165567,
-1.767668,
-2.628385,
-4.914109,
-7.232213,
-7.457549,
-8.150756,
-5.584079,
-4.500773,
-2.991473,
-1.276423,
-0.232201,
1.169489,
3.806954,
2.892708,
1.934046,
1.976877,
1.765094,
0.401262,
2.161349,
1.263408,
-1.134270,
-2.019658,
-2.066113,
-3.710019,
-0.791326,
-2.040472,
-1.597869,
-2.413831,
-0.724794,
-2.499592,
-2.599781,
-2.820599,
-3.143197,
-4.015783,
-5.348388,
-4.429755,
-3.914655,
-2.897948,
-3.193104,
-4.029575,
-6.676864,
-8.919369,
-9.845352,
-10.608280,
-10.289414,
-9.886534,
-8.771542,
-7.613165,
-4.876417,
-2.744990,
-0.176044,
0.237352,
1.810746,
2.106628,
2.285639,
0.725743,
-2.384450,
-4.995378,
-4.497709,
-5.024829,
-3.070317,
-4.815646,
-1.952171,
0.250877,
0.963421,
-1.725641,
-4.254523,
-5.708181,
-6.820532,
-8.301236,
-6.037403,
-3.682404,
-0.186948,
3.036003,
1.301961,
1.792594,
1.300309,
2.333992,
0.257156,
1.905212,
2.461331,
1.900054,
1.862809,
1.502110,
1.641162,
2.189226,
1.191004,
1.976408,
4.356440,
5.079676,
5.314098,
1.111331,
2.162241,
0.640551,
-0.084349,
-1.461106,
0.147369,
0.397775,
2.421565,
4.107761,
4.121492,
4.679034,
3.079673,
3.136075,
4.849288,
2.690035,
0.487696,
-1.296552,
-0.075188,
4.505939,
2.823876,
1.568993,
3.645159,
4.491705,
5.610733,
0.855365,
-1.125635,
0.175689,
1.021655,
2.769185,
1.233172,
3.028728,
2.408906,
0.491225,
-3.391745,
-5.421057,
-6.188323,
-6.317332,
-3.028236,
-0.112874,
1.047214,
1.641951,
2.098136,
2.354946,
1.632701,
-0.543894,
-2.784171,
-4.992042,
-3.523705,
-3.946134,
-2.115238,
0.057951,
-0.388530,
1.190829,
0.662318,
1.551942,
1.255030,
-0.360913,
1.477836,
1.683447,
6.374667,
7.002543,
7.501776,
8.123284,
3.930188,
0.287216,
-1.362552,
-2.891873,
-2.382419,
-3.080834,
-2.928933,
-2.699619,
-0.794789,
-0.702772,
1.182101,
-1.073593,
1.095399,
-1.387005,
0.113901,
-1.230397,
-2.067053,
-5.218163,
-5.934338,
-6.864701,
-2.911912,
-1.377580,
-0.066775,
1.608437,
3.099513,
4.538098,
4.322194,
2.368416,
2.446626,
1.207884,
-0.768961,
-0.674189,
-0.463053,
2.243932,
4.705060,
3.493600,
3.766641,
2.633436,
1.670746,
4.369971,
1.617385,
-1.823082,
-0.844536,
0.421896,
0.355215,
1.090727,
0.757175,
1.154674,
3.214297,
2.676715,
-0.564151,
-0.968781,
-1.591493,
-1.109061,
0.599496,
2.142904,
-0.550700,
-0.367665,
-1.165974,
0.036119,
-0.437425,
-0.077053,
-2.102320,
-0.198155,
-2.511320,
-6.580026,
-7.632213,
-3.517887,
0.931946,
0.362062,
2.688188,
3.019573,
0.647836,
-0.809395,
1.974921,
1.398140,
2.334431,
2.712767,
4.542285,
7.091428,
8.298554,
4.854851,
4.202202,
0.559856,
-1.740924,
-4.029452,
-5.265082,
-4.654555,
-2.428217,
-0.988636,
2.786891,
5.331936,
8.965222,
8.667563,
9.636831,
10.553949,
6.581484,
4.807842,
2.157048,
-0.335291,
-0.048286,
-0.271826,
-1.353016,
0.583739,
0.644478,
0.069420,
-2.307840,
-1.905152,
-2.681128,
-1.885508,
-1.664864,
-0.336485,
-1.788313,
-2.748418,
-3.025202,
-1.642643,
-3.205145,
-5.260687,
-3.548226,
-3.342586,
-4.433532,
-3.974430,
-3.959190,
-1.699473,
-0.141070,
-1.215917,
-1.627091,
1.169395,
-1.582786,
-3.101602,
-4.906437,
-3.330512,
-3.863501,
-3.258584,
-3.606358,
-1.177296,
-1.373032,
0.074881,
-0.224270,
-1.992310,
-3.248530,
-2.818199,
-6.222677,
-4.367518,
-2.111170,
-0.206236,
2.617100,
2.882611,
2.925018,
4.340751,
4.215484,
3.499650,
1.382715,
2.543017,
3.009535,
3.275282,
5.077500,
4.001103,
2.517946,
-2.983684,
-3.695606,
-2.615890,
-3.334942,
-2.198453,
-1.830241,
0.659800,
4.303985,
5.827452,
3.972175,
1.761339,
2.205374,
3.765995,
5.958383,
5.317237,
4.722781,
4.396258,
5.455568,
5.813367,
5.377978,
4.466184,
3.543813,
1.282633,
-1.916817,
-2.244923,
-1.690740,
-2.914790,
-2.760523,
-2.557832,
-0.061659,
0.633037,
0.126634,
-2.810287,
-4.941982,
-4.687983,
-1.811937,
-0.409932,
-0.049406,
0.509597,
1.684898,
2.344315,
0.838605,
0.144195,
1.586804,
2.690488,
3.475342,
2.521244,
4.712466,
3.848301,
2.981989,
1.676366,
0.008450,
0.420311,
0.852988,
-0.888468,
2.160986,
2.087223,
-0.168073,
0.848269,
0.711022,
0.826759,
0.602331,
-0.130690,
-2.919845,
-1.890600,
-1.212473,
-0.843103,
0.594355,
2.120910,
1.430780,
-0.234767,
-0.920138,
-0.282414,
-0.172695,
0.246028,
0.528826,
0.651714,
1.909635,
2.787249,
1.919156,
0.447840,
-1.582524,
-1.929804,
-3.801362,
-2.868940,
-3.675867,
-2.713900,
-0.017546,
-0.086171,
1.935717,
3.035523,
0.999100,
-1.709624,
-3.751434,
-2.168619,
-0.955165,
-2.352228,
-1.260299,
2.345122,
5.058049,
4.887252,
2.394591,
0.536440,
1.077834,
2.519849,
2.455740,
0.232935,
0.110742,
-3.121140,
-5.448130,
-10.122094,
-9.798979,
-6.360942,
-5.590042,
-3.685403,
-2.452457,
-1.029628,
0.393535,
1.583360,
1.856127,
2.261040,
2.802798,
-0.811325,
-2.404167,
-2.807043,
0.581497,
3.149690,
6.750853,
8.224267,
7.357749,
6.540944,
4.383364,
1.161020,
1.437917,
2.809271,
3.216138,
5.517037,
7.761574,
6.966855,
6.475348,
3.714088,
1.610419,
1.146181,
0.967698,
4.954127,
4.695448,
4.411953,
2.971487,
1.879601,
-1.752802,
-2.945629,
-5.181974,
-6.547503,
-3.873519,
-3.436409,
-1.382384,
-0.750024,
1.909856,
-0.056023,
1.040230,
0.290373,
0.483012,
-0.474443,
-2.201283,
-3.195460,
-1.400223,
-2.210219,
-2.582172,
-4.707244,
-2.416754,
-1.551017,
0.559217,
0.217091,
-1.356752,
-1.033166,
-3.283095,
-3.672006,
-3.523969,
-3.731024,
-3.090054,
-0.884595,
1.364019,
4.109169,
2.337398,
3.082710,
4.013045,
3.393561,
2.231506,
-0.995340,
-1.372421,
-1.074642,
-2.543829,
-2.331627,
-1.560407,
-1.734442,
-0.190472,
1.178572,
2.441320,
0.352554,
0.786472,
-0.099228,
1.670518,
1.932696,
4.266455,
4.525363,
5.066393,
4.646850,
2.810527,
2.827007,
-1.027232,
-0.820584,
0.745546,
0.897055,
-0.894908,
-3.286297,
-2.294138,
-2.445862,
-1.693594,
-0.483478,
-1.196874,
-0.565804,
-0.565693,
0.306913,
-1.232892,
-2.082865,
-3.442393,
-2.941739,
-2.921549,
-1.544860,
-1.807469,
-1.536759,
-0.751112,
-1.504851,
-3.333016,
-3.521051,
-4.086722,
-3.086647,
-4.025239,
-4.027313,
-2.380130,
-0.890411,
-0.833432,
-2.776338,
-3.944419,
-4.695359,
-2.207683,
-0.011586,
2.827828,
-0.451577,
-1.952727,
-5.654093,
-10.059694,
-10.234039,
-9.713415,
-8.950146,
-4.973156,
-6.168218,
-3.264779,
-0.052878,
2.658803,
2.546502,
2.832122,
2.501270,
6.124942,
5.740954,
5.920404,
2.983824,
0.397046,
-3.435196,
-3.185580,
-0.714707,
-2.250875,
-3.071562,
-2.828444,
-4.914287,
-3.966233,
-6.306185,
-6.574345,
-2.099906,
0.579590,
1.193328,
2.858549,
4.594482,
2.369307,
1.226915,
-1.161000,
-2.845382,
-2.050021,
-2.186715,
-3.087690,
-0.198998,
-0.745212,
0.628608,
0.016171,
-0.868020,
0.756164,
2.659615,
1.343239,
0.741988,
-0.809701,
-0.797486,
-1.529908,
-3.235723,
-4.522600,
-5.432079,
-4.721484,
-5.176863,
-5.572767,
-3.380255,
-2.580350,
-3.065636,
-2.473348,
-1.434635,
-0.160148,
-0.474615,
-0.112701,
0.671769,
-0.760807,
-1.829248,
-2.998178,
-1.025862,
-0.228028,
-1.876820,
-5.007772,
-3.948725,
-4.788086,
-5.088391,
-4.245995,
-1.298561,
-1.195526,
-1.555677,
-1.562822,
0.323392,
0.904391,
-0.525122,
-1.930257,
-3.856013,
-2.309565,
-4.364516,
-5.883276,
-6.752005,
-4.519443,
-5.345810,
-4.704080,
-2.424113,
-2.756131,
-4.767235,
-5.034887,
-1.893341,
0.174708,
3.459503,
3.198415,
5.106510,
4.990953,
5.708332,
4.610172,
6.445823,
5.829096,
6.233166,
5.922019,
4.547273,
2.262507,
1.984659,
0.604800,
-1.318292,
0.165110,
-0.704931,
0.825054,
0.824653,
2.195964,
2.679560,
2.469262,
-1.105756,
-2.265448,
-3.102701,
-2.919606,
-5.579185,
-3.753070,
-6.867422,
-6.421270,
-4.479200,
-3.858301,
-1.970827,
-1.080819,
-1.394104,
-1.903674,
-3.235892,
-4.662429,
-3.835835,
-4.968962,
-1.521678,
-2.943395,
-4.200688,
-4.704887,
-2.265005,
-2.628363,
-2.960884,
-1.712516,
0.535121,
-1.904911,
-3.371516,
-3.881093,
-1.742543,
-2.011396,
0.447869,
0.347841,
-1.334486,
-3.069351,
-5.032423,
-6.129936,
-5.988309,
-5.125626,
-4.206804,
-3.865064,
-2.044396,
-0.521317,
0.031357,
-0.166874,
0.992911,
1.554796,
0.301764,
2.831399,
4.376153,
2.637591,
1.467294,
2.677352,
2.251182,
0.403542,
-0.337042,
2.569178,
3.936550,
4.585830,
3.208260,
4.397093,
2.673613,
-1.056856,
-3.823119,
-3.802960,
-4.792648,
-6.732363,
-5.766324,
-4.063193,
-4.233643,
-3.008907,
-0.007992,
0.119493,
0.670664,
2.455852,
4.374708,
3.815770,
0.887831,
-0.498680,
-3.456648,
-4.649073,
-6.913617,
-6.864928,
-4.588267,
-3.020213,
-2.177041,
-0.290775,
-1.199561,
-3.498536,
-1.083860,
-1.048032,
0.279031,
1.835752,
2.524930,
2.473317,
3.555452,
1.810884,
0.741306,
-2.248453,
-3.512766,
-4.667178,
-3.142370,
-3.288708,
-3.049396,
-4.357332,
-3.331907,
0.361624,
1.705790,
2.085841,
1.642226,
-0.694272,
-4.158431,
-5.090687,
-5.383837,
-4.073701,
-4.698252,
-2.128694,
-3.797101,
-2.072380,
-2.405184,
-2.950729,
-1.959060,
-0.524644,
0.324203,
-0.046906,
-0.831712,
-2.907891,
-2.758511,
-3.193228,
-2.149704,
-2.991461,
-2.892573,
-3.176775,
-3.310142,
-4.418958,
-7.309945,
-4.539371,
-5.774423,
-4.420615,
-1.787298,
0.720324,
0.821655,
1.521602,
2.262534,
0.285085,
0.662470,
2.478272,
2.330547,
1.502913,
1.394123,
1.239328,
-0.865839,
-2.097950,
-2.404529,
-3.107798,
-0.259802,
-1.068884,
-2.239289,
-0.610398,
-1.573185,
-3.362337,
-2.241494,
-1.351168,
-0.283981,
-0.272286,
-2.817001,
-4.458957,
-4.264487,
-3.729348,
-3.489388,
-1.318765,
-1.246278,
-0.387311,
0.073510,
0.535275,
0.943619,
1.147668,
-3.905408,
-4.952103,
-4.119605,
-4.154513,
-2.660708,
-1.685531,
-0.553431,
1.253694,
2.211022,
1.373129,
-0.597326,
-0.180977,
0.894393,
2.196315,
3.708815,
2.749989,
4.665443,
4.773624,
3.768856,
3.001801,
3.876598,
2.014961,
0.152249,
1.932780,
4.703838,
3.975405,
2.937274,
4.516694,
4.279606,
4.711847,
1.703344,
-0.186543,
1.124903,
-0.545147,
-2.173505,
-0.347552,
-0.566360,
-0.065238,
0.620214,
2.706935,
3.346910,
2.915999,
0.128209,
-0.869341,
-0.811048,
-1.971340,
-4.383352,
-4.315922,
-5.194823,
-2.837164,
-0.752959,
1.209224,
1.056730,
1.216038,
2.051901,
1.647975,
-0.810152,
-0.938648,
-0.034919,
-3.250430,
-0.762185,
0.847335,
0.443691,
-1.677290,
-3.930000,
-4.529982,
-5.376402,
-5.042487,
-4.771835,
-3.093651,
-0.875355,
1.422463,
0.820861,
-0.172453,
-2.104289,
0.726974,
1.088025,
-1.025167,
-0.767506,
-0.178628,
1.038511,
1.396788,
1.170032,
2.056147,
2.464345,
0.954313,
0.685420,
0.485684,
2.817787,
0.075433,
-2.256981,
1.196560,
4.782418,
4.746095,
5.188248,
2.590981,
2.675117,
2.040587,
-0.135545,
0.548900,
0.032926,
0.460253,
1.172388,
3.418595,
2.299990,
3.147229,
2.160060,
0.977733,
-0.899980,
-0.076478,
0.652796,
1.071378,
3.426891,
2.872513,
3.811837,
2.707365,
0.428290,
0.618896,
1.526901,
2.122887,
4.397532,
4.147075,
3.779487,
4.011963,
2.814267,
2.196300,
0.892085,
0.135548,
-0.528123,
-0.106940,
0.946780,
4.274315,
4.356982,
2.137334,
-1.098373,
-2.994996,
-2.653634,
-4.886449,
-3.697918,
-0.416861,
0.556025,
3.302174,
4.893770,
5.160604,
6.697802,
4.481997,
0.973330,
-2.418278,
-3.200933,
-0.456139,
3.525660,
2.761593,
4.653764,
5.502863,
1.879178,
2.521046,
0.497968,
-2.205676,
-1.243368,
-4.094721,
-3.438990,
-1.425887,
-2.305928,
-1.057681,
-0.544915,
0.981188,
0.067552,
-3.711577,
-6.241845,
-4.700966,
-5.240647,
-4.229227,
-5.172135,
-4.030704,
-1.822422,
-1.892762,
-1.702652,
-0.769545,
1.594712,
1.460659,
-0.794339,
-0.330554,
0.016109,
-0.378816,
-1.656992,
-4.132298,
-2.538701,
-0.299245,
-2.765779,
-2.731696,
-3.132961,
-3.123609,
-2.098446,
-0.685855,
0.025370,
0.703855,
1.774062,
1.633833,
1.241826,
1.160529,
0.053712,
-0.009672,
-1.083364,
-1.161348,
-1.657216,
1.395603,
2.335056,
1.391965,
0.681567,
1.320461,
-0.468386,
-1.011354,
-2.258495,
-1.970230,
-1.437780,
-2.874725,
-1.927392,
-0.365236,
0.379517,
0.603255,
2.210688,
3.728126,
3.140291,
0.558616,
-0.414994,
0.366366,
0.211457,
0.198689,
1.330412,
2.088990,
4.185644,
2.969531,
3.269050,
0.947352,
3.089293,
0.016922,
-2.968113,
-4.400990,
-3.753250,
-3.411881,
-1.534160,
-2.460936,
-0.320824,
1.857560,
1.612780,
0.649595,
0.983136,
1.033939,
1.903178,
1.232858,
4.011136,
3.491915,
2.638273,
0.018693,
-0.555574,
-1.767126,
-1.509266,
-1.771614,
0.985257,
1.370459,
-0.653242,
-1.771437,
-1.676690,
-2.653253,
-4.013396,
-2.952422,
-1.004092,
0.778182,
-0.642135,
0.151418,
3.243600,
2.571641,
0.362121,
0.309389,
0.437073,
1.900504,
1.294727,
-0.442557,
2.366708,
0.786485,
-1.074164,
-1.896405,
-3.786007,
-4.102965,
-6.468947,
-8.064204,
-5.903170,
-5.230490,
-6.162047,
-7.056204,
-7.311528,
-6.908680,
-6.788779,
-5.795690,
-3.240176,
-1.684999,
-0.145413,
1.072154,
1.067576,
0.060472,
2.143323,
3.345480,
1.813320,
3.573156,
1.803280,
1.315483,
1.278997,
-0.803920,
-1.688513,
-0.510484,
-0.163965,
2.718246,
0.871282,
1.599881,
3.235678,
6.194100,
4.706668,
1.901451,
0.448761,
0.467741,
4.680980,
4.003440,
0.597125,
1.682449,
2.106762,
2.760032,
4.298793,
3.447005,
2.874864,
3.275408,
2.128271,
2.022496,
2.847685,
1.579977,
-1.132861,
-4.914764,
-4.274511,
-1.850502,
-2.253204,
0.191841,
2.274136,
4.302202,
6.252500,
6.047214,
2.101683,
0.383188,
-1.311296,
-4.195332,
-4.528713,
-3.995219,
-3.956997,
-3.536792,
-3.107560,
-2.008556,
-0.367010,
-3.337132,
-2.650586,
-3.459636,
-4.514610,
-5.274470,
-5.334346,
-4.996676,
-3.575897,
-1.314642,
1.345613,
3.218298,
3.414464,
3.842264,
3.949515,
3.370044,
2.255736,
2.867961,
2.193003,
3.903467,
5.485299,
3.895157,
3.548584,
0.904001,
-2.926989,
-3.695829,
-4.582200,
-3.739966,
-4.191115,
-1.654843,
-0.026046,
2.839801,
3.089991,
1.870654,
-0.823026,
-0.309334,
2.919027,
0.826871,
-1.335677,
-3.962183,
-5.576758,
-4.643552,
-4.415208,
-2.003581,
-1.638049,
-0.789833,
-0.393385,
-0.396303,
0.859180,
-0.316784,
0.564774,
1.696310,
-1.634255,
-2.809377,
-5.897878,
-8.423244,
-9.642511,
-10.418849,
-10.712839,
-7.120723,
-5.319952,
-2.801632,
-0.675337,
-1.794992,
-2.484980,
-1.604219,
-1.190905,
-0.406133,
-0.795537,
-1.393624,
-2.705818,
-1.573497,
0.730283,
-0.662948,
-0.751514,
-0.788769,
1.323900,
-1.137931,
-0.823056,
-1.867276,
-3.019968,
-2.371945,
-3.468176,
-3.427406,
-1.735156,
0.466888,
-0.009002,
-0.000904,
-0.493350,
1.256388,
0.669177,
2.487078,
-0.935049,
-3.562995,
-3.705546,
-4.887588,
-5.199887,
-4.334255,
-3.808406,
-2.669948,
-2.963156,
-1.512257,
-2.400811,
-0.060302,
-0.687190,
-1.565063,
-1.000883,
-2.144545,
-1.314683,
1.115930,
2.667110,
2.961872,
1.714797,
0.209004,
0.295032,
-0.540155,
1.160320,
0.692873,
1.673622,
3.036377,
2.102726,
3.351443,
3.123840,
2.726158,
3.603113,
2.541120,
2.824551,
0.760335,
-0.391315,
-0.766203,
-1.200585,
-1.042022,
-0.765896,
-0.460701,
1.220054,
3.033060,
4.184107,
2.493394,
3.357353,
0.423397,
-1.902635,
-3.632885,
-0.225932,
1.717118,
1.803280,
1.251685,
1.913847,
2.065234,
2.960721,
3.181355,
2.966755,
2.089044,
1.999272,
1.306302,
0.752155,
-0.648227,
-1.645343,
-1.406804,
-2.074115,
-0.559780,
-1.077694,
-0.293277,
0.264255,
0.457078,
0.971713,
1.778140,
1.371883,
0.598284,
-0.354052,
-2.690947,
-1.965535,
-5.540452,
-6.076427,
-3.282219,
0.218627,
-1.238655,
2.850021,
4.194949,
2.458485,
2.193834,
1.003517,
1.717063,
2.951592,
2.575370,
1.472254,
-0.835703,
-0.859336,
-0.672743,
-0.391394,
0.262382,
0.539550,
0.005784,
-0.421138,
-1.344350,
-3.137192,
-4.904534,
-7.388489,
-5.074518,
-2.675784,
-1.205602,
0.106126,
2.761426,
2.565673,
3.231044,
0.928298,
0.032538,
0.653993,
0.013423,
1.699346,
1.879746,
1.722174,
2.371581,
2.932377,
2.020244,
0.270811,
-0.186150,
0.530427,
0.893704,
2.555143,
4.521465,
3.934715,
3.627550,
4.221324,
1.106557,
0.466432,
-3.782518,
-6.079214,
-4.793264,
-4.132531,
-4.117787,
-0.583208,
0.496162,
0.371708,
-0.447157,
0.024323,
-2.165874,
-2.349157,
-3.781357,
-2.914265,
-4.276186,
-2.381111,
-0.081307,
1.684829,
1.143367,
0.685761,
2.875685,
2.729490,
1.561340,
0.364668,
-1.271743,
-1.539926,
-2.054088,
1.264155,
2.895300,
0.827982,
0.506701,
0.125994,
0.515694,
-0.278614,
-1.057188,
-1.488276,
0.336201,
1.908289,
2.485507,
-1.366093,
-1.565351,
0.332219,
0.288982,
0.229347,
-1.065233,
0.598239,
0.005108,
-0.059096,
0.690005,
0.098446,
1.317397,
1.004553,
1.715722,
1.767296,
2.791804,
-1.829973,
-1.508503,
-2.912710,
-5.618120,
-5.262741,
-5.406453,
-2.741009,
-0.870224,
-2.542702,
-0.517898,
-0.811202,
-1.522900,
-1.109979,
-2.568211,
-1.250372,
1.302211,
3.282163,
3.888246,
3.321587,
3.356824,
2.212862,
1.883679,
2.198835,
-0.482912,
0.325538,
-0.600462,
-3.071229,
-2.424729,
-0.006551,
1.026531,
0.755106,
1.649000,
2.522611,
-0.827941,
0.092530,
0.029233,
0.023680,
0.047091,
-0.372013,
0.244060,
2.203077,
3.173754,
5.068100,
4.545678,
0.554889,
-0.280924,
-0.131309,
0.530567,
1.076254,
0.145555,
0.170325,
0.591050,
-2.263637,
-2.211525,
-2.331997,
-3.951109,
-3.753173,
-4.439680,
-2.069480,
-0.711114,
0.919624,
1.877146,
1.803709,
1.462241,
1.388516,
1.308659,
0.614584,
-0.480631,
1.083632,
-3.168448,
-0.875450,
-2.005846,
-2.600844,
-2.375909,
-1.491025,
-0.655519,
0.030896,
-1.633704,
-0.387092,
0.789568,
2.526010,
5.195101,
3.635253,
3.903258,
2.391343,
0.439599,
-1.918893,
-1.478920,
-1.909181,
-0.149156,
-0.838992,
0.036894,
-1.284145,
0.460680,
0.012401,
2.108603,
2.867626,
2.091406,
0.079078,
1.304602,
0.202710,
-1.530341,
-2.448504,
-3.150253,
-1.582769,
-0.804988,
-0.998934,
-2.273094,
-1.398593,
-1.627169,
-0.768710,
-2.199412,
-2.969057,
-3.816564,
-3.873249,
-1.218448,
0.100907,
1.347599,
1.705185,
2.236777,
3.087691,
2.780998,
1.214257,
-1.989255,
1.127609,
2.843238,
1.096918,
0.115686,
-0.610469,
0.619693,
1.946202,
2.034314,
4.486665,
4.219569,
3.843655,
2.422118,
1.373391,
0.754016,
0.967073,
1.579563,
0.489442,
0.056114,
-1.020916,
-0.313050,
0.836908,
1.111928,
-0.800653,
-0.010449,
0.204110,
-0.453603,
-2.051117,
-1.806039,
0.315712,
-0.663459,
-0.893333,
-1.615276,
-3.238289,
-6.198344,
-7.880790,
-7.109088,
-5.865793,
-5.190028,
-2.917423,
-1.388053,
-0.002359,
2.480733,
3.136287,
3.859723,
1.015151,
1.187275,
0.046952,
1.167958,
0.697978,
2.786546,
2.741326,
3.291759,
3.247888,
6.452525,
7.437271,
7.050829,
4.895491,
2.281227,
1.149677,
0.745761,
-1.416787,
-2.580110,
-3.182354,
-3.657850,
-4.950708,
-3.727398,
-1.905237,
0.296203,
0.717958,
1.201211,
0.435544,
1.728944,
4.182601,
3.481277,
2.209518,
1.923205,
1.516065,
2.318167,
1.611774,
1.130298,
0.537163,
0.630959,
2.822395,
1.814973,
0.700964,
2.231410,
0.511421,
-0.371565,
-1.167715,
-0.208534,
2.164690,
3.990023,
3.401590,
2.130632,
2.593531,
0.838098,
1.745080,
1.922623,
3.089697,
3.481050,
2.985841,
3.486874,
1.769028,
0.448322,
-0.287689,
-0.398721,
1.828470,
4.480529,
4.583530,
5.725180,
6.518675,
6.551221,
6.365851,
6.025335,
5.250926,
4.040000,
1.874875,
1.604082,
1.123458,
-2.425362,
-3.590119,
-2.032395,
-2.641903,
-2.409353,
-1.392757,
-1.406622,
-1.897729,
-4.330772,
-4.094661,
-3.649921,
-2.564919,
-1.121888,
-1.085866,
-1.607543,
-1.148609,
-0.670361,
-0.911946,
-0.363553,
1.088856,
1.694115,
1.011157,
2.065873,
1.682029,
1.969285,
-0.038801,
-2.211705,
-2.537026,
-2.145629,
-2.102451,
-1.306232,
2.320337,
6.531490,
5.221858,
3.481760,
3.921300,
4.503573,
2.427140,
1.184963,
0.677061,
-0.371052,
1.268192,
0.322028,
-0.528809,
0.382499,
0.578015,
0.843792,
0.533671,
-1.234614,
-1.707348,
-1.629575,
-0.277007,
1.115972,
0.291834,
-1.160999,
-1.144067,
-1.006573,
-0.245531,
0.900710,
0.639396,
1.574953,
1.515461,
0.247378,
-2.629534,
-2.559286,
-3.407689,
-2.242001,
-0.990292,
-1.041884,
-0.295025,
1.768178,
2.417773,
2.099153,
4.476541,
3.735539,
1.345665,
-0.620318,
-1.713574,
-2.590156,
-1.727502,
-0.796215,
-0.355188,
0.019519,
0.589291,
1.052084,
0.437064,
0.740177,
-1.081764,
-0.222158,
-1.386106,
-1.539649,
-2.099615,
-1.448455,
-2.153287,
-0.957230,
-0.824379,
0.849298,
1.354312,
2.825275,
3.242346,
2.853338,
2.031939,
0.558741,
0.343066,
0.422143,
-0.118443,
0.457321,
2.473867,
1.175574,
0.105465,
-1.738248,
-1.429413,
-2.736625,
-1.301954,
-1.673631,
-3.491629,
-3.601526,
-2.340994,
-3.590145,
-1.496510,
-2.817771,
-3.971483,
-5.856401,
-3.564382,
-5.041589,
-5.195250,
-4.055280,
-2.526232,
-1.967596,
0.921956,
-0.595723,
2.562329,
1.291818,
1.131446,
2.702478,
2.401803,
3.175903,
1.985603,
2.783593,
3.482842,
2.868619,
2.676643,
4.267713,
5.810828,
4.314453,
3.894673,
4.198807,
2.971594,
2.652374,
4.838158,
5.668188,
4.894779,
5.086578,
3.679875,
5.974131,
5.684104,
4.217447,
3.410637,
1.814113,
1.537615,
0.459476,
0.192913,
-0.627112,
-2.057990,
-1.518746,
-1.679143,
-4.197660,
-3.429432,
-2.484632,
-1.635402,
0.080755,
0.163775,
-1.136822,
-2.838392,
-2.092151,
-1.368475,
-1.709322,
-1.020003,
-2.352216,
-1.124856,
-0.013852,
0.343455,
-0.906900,
-1.427556,
-2.190482,
-3.067070,
-1.331628,
-1.389975,
0.464230,
1.208479,
2.013205,
2.809397,
4.529215,
4.440151,
6.098657,
6.768212,
4.433089,
2.269210,
1.142933,
-0.262575,
-2.659678,
-3.761083,
-2.957246,
0.560134,
1.389026,
2.858284,
4.116353,
5.626488,
5.773985,
2.786443,
-1.483567,
-3.679937,
-4.097056,
-3.647488,
-3.692948,
-3.532695,
-0.752676,
0.580196,
0.673004,
-0.737326,
0.447457,
2.215143,
1.529949,
3.219809,
0.285796,
-1.255662,
-3.156738,
-3.079950,
-3.453894,
-3.395017,
-1.418907,
-2.121522,
-0.904772,
0.980443,
2.576030,
2.885450,
3.520054,
2.168253,
2.631551,
1.499549,
0.996365,
0.269244,
-1.964482,
-2.607012,
-0.651240,
2.332022,
3.037105,
3.045913,
0.278145,
0.208908,
0.711397,
-0.174156,
0.097092,
1.316346,
1.567119,
0.011248,
0.163414,
-0.302509,
0.793465,
0.642250,
-0.807136,
-1.139195,
-1.588035,
-3.277967,
-3.371142,
-2.464755,
-2.832826,
0.348720,
-0.411468,
0.152109,
1.798541,
0.293671,
-1.954094,
-2.086978,
-0.012387,
-1.260971,
-0.647384,
-0.165830,
2.950359,
3.591180,
5.640750,
4.617071,
3.532889,
0.943690,
1.285739,
-0.073142,
-0.449417,
-2.932267,
-1.420907,
-1.517093,
0.206201,
2.131770,
1.526746,
1.675186,
1.394090,
2.483025,
2.802239,
1.354074,
0.434388,
-0.166957,
0.402111,
0.013740,
0.554490,
1.082773,
0.730132,
0.211960,
0.606421,
-0.366546,
-0.590490,
2.382162,
4.107986,
2.111847,
2.137216,
1.281410,
-0.479840,
-0.363320,
0.461279,
0.346331,
-0.013556,
0.116840,
-1.827507,
-1.608029,
-0.954433,
-3.017287,
-4.489744,
-5.531349,
-4.179829,
-2.989977,
-1.273061,
-0.232837,
1.186334,
3.847046,
4.650121,
3.330636,
4.449722,
1.929230,
1.032302,
-0.025604,
-1.519474,
-1.595602,
-0.425004,
0.996615,
1.820012,
4.410938,
2.689789,
0.282296,
-0.154372,
0.030773,
1.223894,
1.250367,
0.891933,
1.046680,
0.412316,
-1.507019,
0.173296,
1.117988,
2.062154,
1.075314,
0.956072,
0.512873,
-3.049014,
-3.736654,
-2.404682,
-1.791793,
-1.110728,
-1.280148,
-1.507954,
-0.965088,
-1.592403,
-2.359071,
-1.528591,
0.337217,
1.630953,
0.385103,
0.001774,
-1.777630,
-1.581245,
1.102709,
1.243759,
0.946915,
-0.305145,
-1.233744,
-1.997693,
-2.516107,
-1.356791,
-0.071139,
-1.188444,
-1.134170,
-1.878495,
-1.009308,
1.473664,
2.029482,
3.667111,
3.237625,
0.874507,
-0.139320,
0.801083,
0.339016,
1.290006,
0.109662,
-0.849450,
-1.094057,
0.226667,
1.473657,
-0.414385,
-1.870241,
-0.607694,
-0.170583,
1.301876,
0.247070,
-1.055665,
0.559918,
-0.588651,
0.226083,
-3.349294,
-2.638128,
-1.687924,
-2.204422,
-1.909297,
-0.753529,
1.351551,
1.609043,
-0.132714,
-0.315704,
0.440237,
0.394410,
1.858380,
2.369653,
2.336433,
1.966956,
0.780885,
-1.187312,
-1.157666,
-1.750280,
-3.029639,
-3.086215,
-3.494665,
-1.084552,
-0.845299,
-3.064275,
-2.398933,
1.751392,
2.044668,
2.333570,
2.923829,
5.253858,
4.950375,
4.898102,
1.899440,
2.657775,
2.111034,
1.039763,
0.914415,
2.151549,
1.332271,
1.480255,
-0.841260,
-2.131866,
-4.649107,
-4.278364,
-6.379529,
-3.534946,
-2.741534,
-2.290444,
-0.544502,
1.489901,
0.832153,
2.169646,
2.666711,
1.920889,
0.524028,
-0.826954,
-0.781620,
-0.635482,
-1.031732,
-2.999212,
-3.904334,
-4.602878,
-4.467397,
-2.573536,
-1.139777,
-0.068486,
0.042176,
-0.375974,
-0.281414,
-2.638958,
-2.406181,
-4.531777,
-3.577712,
-1.499655,
-1.672880,
-0.506162,
-0.405882,
1.863447,
1.775145,
1.775455,
2.252954,
3.083609,
3.622600,
2.251130,
2.005301,
1.095150,
0.663971,
0.350301,
-0.882856,
-0.289817,
0.236967,
-3.282437,
-4.657002,
-5.274455,
-5.335072,
-4.177279,
-0.606902,
0.419019,
2.100012,
4.404545,
4.771965,
1.667317,
0.992156,
-1.592193,
0.477903,
-1.480535,
-0.905149,
-0.701795,
-1.003775,
0.574046,
2.891054,
1.887987,
3.511008,
2.391534,
1.340563,
2.204810,
3.496735,
2.743876,
-0.077379,
-2.866399,
-4.673844,
-1.667090,
-0.330764,
0.040762,
0.641578,
2.524176,
2.786626,
2.216355,
-0.150774,
-0.434756,
-1.606383,
-2.697225,
-3.153113,
-4.438404,
-3.793613,
-3.725427,
-3.421858,
-3.936834,
-3.738508,
-3.021498,
-1.584949,
-1.754552,
-1.472733,
-0.860052,
0.317027,
-0.091036,
-2.459629,
-3.046023,
-2.349305,
-3.045441,
-6.322092,
-5.001067,
-4.397945,
-2.053888,
-1.383121,
-4.215863,
-3.250888,
-1.526930,
-3.664916,
-5.166647,
-3.527683,
-1.793558,
-0.556758,
0.870870,
0.670081,
3.607068,
3.757707,
1.687340,
0.993650,
0.714477,
-2.451994,
-3.866141,
-2.537907,
-4.076986,
-4.585593,
-2.470980,
-0.398952,
-0.296459,
-1.967310,
-3.770544,
-6.230879,
-5.642423,
-3.930198,
-2.650873,
0.845793,
-0.903511,
0.300278,
0.985341,
-0.167501,
-0.685680,
-1.638141,
0.013919,
-0.629344,
-0.336969,
-1.412752,
-1.111006,
-1.998215,
-1.988175,
-0.936460,
-0.339701,
1.834247,
1.057854,
3.237478,
4.123155,
3.718887,
3.161287,
2.982534,
2.878793,
4.240822,
4.929086,
2.241996,
1.340053,
-0.211999,
-0.805664,
0.011312,
0.600184,
0.771745,
0.036154,
-0.438466,
1.549767,
-2.092884,
-1.881948,
-3.796446,
-2.446540,
-0.209618,
-0.804380,
-0.474588,
1.053586,
0.168410,
1.054538,
0.147323,
1.721725,
3.217825,
2.730360,
0.594875,
-0.644281,
-3.019963,
-1.526701,
-2.637027,
-2.330470,
-1.095108,
-0.309374,
-0.759352,
0.033653,
2.398375,
3.322236,
2.931990,
4.098353,
3.755102,
3.787473,
2.427593,
-0.631908,
-3.896211,
-6.821766,
-7.174615,
-5.281730,
-2.987795,
-2.687161,
-0.138277,
2.185055,
1.754976,
3.219481,
2.241843,
0.302513,
-0.184710,
-1.165777,
-0.033250,
0.195300,
-0.284542,
1.847210,
1.796325,
1.654134,
-0.408554,
-2.842296,
-3.645507,
-4.344395,
-2.827829,
-1.249661,
-1.165569,
-2.214411,
-1.433764,
-0.240660,
-0.222350,
2.575161,
2.596285,
3.296762,
1.016342,
0.846729,
0.087142,
1.689038,
-0.798607,
-1.320135,
-1.150789,
-0.689615,
-0.408861,
-0.001185,
-0.270167,
-0.870936,
0.169149,
-0.778652,
-3.283854,
-2.686155,
-3.696993,
-1.850737,
-0.949607,
-1.250846,
-1.299906,
-1.299111,
-2.089104,
-0.438026,
2.115327,
3.413124,
5.124542,
4.959335,
2.643188,
2.390698,
0.481747,
-1.626435,
-3.230816,
-2.945637,
-0.555271,
-0.298046,
1.575377,
2.590231,
3.267192,
3.095159,
1.911860,
3.034252,
3.247414,
5.164099,
4.749688,
5.266746,
2.939935,
4.489725,
4.016811,
3.094984,
4.240054,
2.904539,
0.116542,
-1.936742,
-0.447010,
1.394326,
2.816464,
3.058922,
5.279343,
3.981257,
3.836319,
1.736285,
-1.256898,
-0.643159,
0.125802,
0.695255,
-0.876332,
-3.108505,
-2.725173,
-6.455578,
-5.121292,
-4.388902,
-4.696425,
-2.485666,
0.743949,
3.928833,
3.388295,
3.023215,
1.733989,
1.436908,
1.123200,
-0.967777,
1.260875,
2.884341,
3.784591,
4.205814,
4.396543,
3.031582,
2.622145,
2.620263,
0.533707,
0.510390,
-1.299779,
-1.743939,
-2.902101,
-6.678139,
-7.587100,
-6.507672,
-4.509061,
-4.291515,
-3.864414,
-1.355484,
-1.832674,
-3.236009,
-3.126352,
-1.801821,
-1.323240,
-2.088037,
-2.299872,
-2.964151,
-0.463925,
-1.465276,
-1.759145,
-2.040553,
-0.379641,
-1.142702,
-1.188177,
-0.175360,
-0.351653,
0.189295,
0.211691,
-2.594902,
-3.716652,
-2.184186,
-2.697594,
-2.137311,
-2.191019,
-2.908619,
-3.212993,
-3.628249,
-2.629604,
-2.326884,
0.239042,
2.999096,
0.556530,
-1.778167,
-2.615778,
-2.146402,
-0.967214,
-1.027646,
-1.398606,
0.083152,
-0.154762,
-0.740669,
-2.510005,
-2.769952,
-1.387210,
-0.827776,
-2.742864,
-3.462394,
-2.978353,
-2.990233,
-3.991438,
-1.791085,
0.750565,
0.815703,
1.537307,
1.262578,
2.255449,
1.915283,
2.798769,
3.409922,
2.945696,
1.205431,
1.570805,
-0.954740,
0.314431,
-2.319232,
-2.912574,
-4.520344,
-5.529434,
-8.013290,
-7.556807,
-5.917439,
-4.431967,
-3.638225,
-0.278424,
-0.124149,
-0.423461,
-0.303196,
0.474971,
0.739834,
2.091335,
1.395606,
1.863437,
1.002571,
-0.961086,
-1.307731,
-1.449593,
-0.453488,
1.836751,
1.629807,
-1.072437,
0.866751,
0.439723,
-0.840913,
-3.242065,
-2.183797,
0.017307,
0.802051,
-0.677755,
-0.420796,
-0.777087,
-0.879249,
-0.310035,
1.683510,
3.091114,
2.250590,
0.951176,
0.738346,
-0.161167,
1.689520,
1.107828,
2.096948,
2.402647,
0.503905,
0.027261,
-0.964539,
-0.155740,
-0.266722,
0.391553,
-0.216400,
-1.241309,
-0.683241,
-1.017192,
-0.203315,
1.112888,
1.337878,
2.200177,
3.382489,
1.846781,
2.009512,
3.014284,
3.420168,
3.602785,
4.624236,
4.151922,
4.488379,
3.817134,
2.688364,
-0.141249,
-0.581207,
-3.387201,
-5.020190,
-4.649158,
-6.050975,
-3.710273,
-4.716958,
-2.874737,
-0.476580,
0.346500,
3.333627,
2.223370,
4.244183,
3.789187,
4.264265,
3.632381,
3.335712,
0.505553,
-0.412212,
-0.401591,
-1.652573,
-0.870467,
-2.991271,
-4.655858,
-3.646863,
-2.495902,
-1.258828,
1.876614,
1.021289,
0.582463,
-2.991384,
-2.906784,
-4.408262,
-3.078503,
-3.738485,
-0.729058,
2.318555,
2.134831,
1.818937,
1.378865,
0.531568,
0.023704,
0.385652,
-0.906162,
-0.399751,
-0.181146,
0.666963,
1.741254,
2.334945,
1.927721,
1.117133,
0.190863,
0.925953,
1.118192,
0.404127,
-0.201437,
0.441776,
-0.144573,
-0.124962,
-1.417807,
-1.520025,
-1.470337,
-1.841933,
0.157171,
-0.998793,
-0.574479,
0.792256,
-0.281985,
-1.625748,
-1.108620,
-1.776020,
-0.839917,
-0.894306,
-1.131944,
1.138694,
0.468258,
-2.040559,
-0.751785,
-2.621085,
-3.552343,
-3.307661,
-3.168356,
-3.163272,
-1.601949,
-1.353626,
-0.202447,
1.491388,
0.166848,
-0.971182,
-2.151296,
-2.590829,
-3.019792,
-2.699379,
-2.376835,
-1.977539,
-0.384937,
1.298845,
4.224205,
4.713039,
1.943351,
-0.732404,
-1.723635,
-1.701433,
-2.792937,
-4.342057,
-1.153514,
-1.752563,
-0.911136,
-2.502480,
-3.483239,
-4.293479,
-5.122695,
-4.488960,
-2.868780,
-2.554650,
-1.729516,
0.273750,
1.637735,
0.505396,
-0.217039,
0.064016,
2.348000,
2.257364,
1.511188,
1.337799,
0.320476,
-0.380747,
-1.851278,
-4.612233,
-3.837613,
-2.403175,
-0.953550,
-1.619624,
-1.705799,
-2.148093,
-2.154242,
-3.354235,
-5.187694,
-4.361313,
-5.426668,
-4.910923,
-5.007905,
-4.798373,
-5.681952,
-5.337951,
-5.343995,
-3.433971,
-6.782960,
-5.828481,
-4.376234,
-4.086915,
-1.606987,
-0.168414,
1.942166,
3.066803,
1.940216,
2.657865,
2.232087,
2.445382,
3.169639,
1.973894,
2.057271,
1.555204,
0.637540,
0.782241,
-0.932651,
-2.075965,
-1.851018,
-2.065401,
0.380196,
2.046770,
2.207626,
3.289595,
3.094278,
0.613199,
2.937617,
3.268969,
2.844709,
3.433153,
2.510551,
2.276333,
2.141932,
-0.254736,
-1.295660,
-0.693233,
0.001727,
3.238882,
2.825218,
2.429029,
1.693667,
-0.119084,
0.407387,
-0.390371,
2.201893,
3.206131,
2.270213,
4.192701,
4.526658,
4.287883,
3.020105,
4.738687,
5.693245,
4.456278,
4.245752,
2.118523,
0.325535,
-1.515131,
-3.360425,
-4.274833,
-3.154964,
-3.595469,
-4.080272,
-2.530792,
-1.831520,
-0.453663,
0.963364,
2.882451,
1.220455,
1.225010,
0.673191,
-1.440803,
-4.475422,
-5.503027,
-4.458635,
-3.353309,
-4.580095,
-5.001892,
-4.068128,
-3.665140,
-1.046479,
0.212249,
0.422423,
0.895953,
0.323168,
-1.832377,
-3.287903,
-3.654261,
-2.246028,
-2.237300,
0.890374,
2.074153,
2.746273,
4.348377,
3.639871,
2.400288,
3.025873,
3.371251,
4.400027,
3.530686,
3.116798,
2.777480,
1.070080,
1.183943,
2.237733,
0.301021,
-1.927867,
-2.173312,
-1.391497,
0.142576,
0.367052,
0.650471,
0.338227,
-0.449026,
-0.649661,
0.895627,
0.640705,
-1.316119,
-1.574551,
-0.450628,
-0.984563,
-0.257438,
0.170682,
1.314527,
1.873663,
3.280116,
2.783145,
3.484690,
4.035107,
1.333973,
1.977491,
0.511102,
0.024131,
-0.014118,
1.376448,
3.795044,
4.669430,
6.062254,
7.423227,
6.088420,
3.626219,
1.454841,
-0.649705,
-0.388795,
-0.849283,
-0.723668,
-0.703049,
-1.468951,
-0.952024,
-1.727949,
-3.221421,
-3.372509,
-3.601988,
-2.720686,
-2.819552,
-1.307365,
1.552674,
5.531316,
7.814343,
7.382751,
7.465612,
6.030159,
4.807252,
1.306630,
-0.821314,
-0.661797,
-0.098606,
1.208949,
0.545010,
-0.779601,
-0.345894,
-1.659276,
-3.604956,
-2.954085,
-3.180171,
-2.232864,
-1.251941,
-0.400650,
0.320394,
0.862624,
0.536041,
-0.884369,
-0.922931,
-1.904906,
0.120923,
-0.657825,
0.817588,
0.515235,
0.865052,
-0.538686,
-0.755268,
0.780553,
1.599714,
3.145785,
1.054598,
-2.228450,
-3.108412,
-2.454713,
-3.511723,
-3.182145,
-2.280264,
-1.315839,
-0.614537,
3.265057,
3.332818,
3.694611,
1.414143,
-1.136641,
-2.828647,
-3.288470,
-3.948728,
-4.690551,
-4.558164,
-3.188351,
-2.795948,
-1.282206,
-2.227640,
-1.905285,
-0.773583,
-0.068224,
-0.739055,
-0.541558,
0.460916,
0.224628,
0.999772,
1.569508,
-0.221763,
0.019091,
-1.127750,
-1.062982,
0.604892,
3.704269,
6.320847,
6.585373,
5.387323,
3.875049,
3.410519,
-0.006234,
0.216694,
-1.075411,
0.318844,
-0.595221,
-1.304140,
0.385746,
-0.171783,
2.187420,
1.247733,
1.441553,
0.417681,
-0.740820,
-0.868992,
-1.176572,
-1.843100,
-1.288242,
1.543835,
1.331225,
0.876897,
2.656884,
2.704194,
2.226236,
1.714264,
1.196153,
0.835620,
0.586043,
0.005418,
0.955300,
1.227951,
-0.379968,
0.133703,
-2.656092,
-2.440179,
-3.353804,
-2.548020,
-1.280576,
-1.373712,
0.830654,
0.143810,
0.115299,
-1.701155,
-2.416200,
-2.345584,
-1.316093,
-1.286903,
-2.329611,
-2.515141,
-2.718393,
-3.673587,
-2.080774,
-1.000178,
0.927205,
1.319339,
1.874247,
1.655697,
1.533234,
1.664918,
2.714568,
0.820912,
0.270869,
-0.383722,
-1.046391,
-0.871673,
-1.974333,
-1.738289,
-1.835923,
-0.873891,
0.879040,
1.467599,
2.632444,
2.342424,
0.755369,
0.068781,
-2.194340,
-6.359112,
-7.976081,
-7.675013,
-7.790311,
-6.049696,
-2.697575,
-2.047515,
-0.637381,
0.447833,
1.698492,
0.214458,
0.241737,
-0.174069,
-1.835301,
-0.337465,
1.832580,
2.551475,
3.917151,
3.295500,
2.677534,
3.144333,
2.538226,
1.523718,
2.595966,
2.923975,
4.794384,
3.448352,
2.281603,
1.335525,
1.899227,
0.790546,
0.786334,
1.409610,
2.955086,
3.104105,
3.182994,
0.567167,
-0.348741,
-2.410877,
-4.349782,
-2.054046,
-2.156662,
-3.106558,
-2.558838,
-1.694634,
0.646041,
-0.570565,
-1.199405,
-1.992683,
-1.221533,
-1.189625,
0.780419,
1.592274,
-1.914800,
-0.663437,
-2.582257,
-1.065490,
-2.651923,
-2.761812,
-1.770831,
-1.648215,
-3.145532,
-1.053873,
-1.386945,
-2.835333,
-1.389498,
0.219988,
2.491562,
2.564422,
1.848654,
0.993175,
-1.202711,
-0.795979,
1.622106,
-0.123183,
0.376837,
0.770719,
1.297276,
1.445842,
0.847039,
0.296127,
-0.243228,
-0.991975,
-1.733598,
-1.249542,
-2.331012,
-2.225192,
-0.613190,
0.573696,
-0.857935,
-3.049219,
-4.856942,
-4.502136,
-4.251588,
-2.350019,
-1.857029,
-0.760435,
1.301058,
2.186430,
1.482215,
0.665225,
-0.522587,
0.803080,
-1.731758,
-2.137612,
-1.067697,
-0.513692,
0.001028,
0.559698,
0.149873,
1.386147,
0.875320,
1.364732,
2.664556,
2.369944,
2.048258,
2.249765,
0.429144,
0.256840,
-0.539400,
1.345400,
-0.477777,
-0.706803,
-1.351580,
-2.213111,
-1.103694,
-0.157314,
0.813264,
0.647527,
-0.875522,
-0.639805,
-0.377438,
-0.196281,
1.848844,
2.277419,
1.523414,
1.756641,
-0.016512,
-0.943814,
-1.338115,
-2.024122,
-1.994691,
0.109039,
-0.288277,
0.807173,
1.680487,
1.551475,
0.594616,
-0.772462,
-1.469214,
-0.731840,
0.501552,
1.456123,
2.547169,
3.939179,
2.411083,
1.756681,
1.759950,
2.233087,
2.975558,
2.669985,
0.014591,
-0.269135,
0.767269,
1.404870,
-2.021681,
-1.090986,
-0.627352,
-0.779432,
-1.056222,
-1.381719,
0.152946,
3.653633,
2.699755,
2.253090,
1.925691,
1.580834,
0.803307,
-0.136101,
-0.010628,
-0.547872,
-1.508652,
-1.484142,
2.189720,
1.421528,
2.146393,
2.060948,
3.863096,
4.431713,
3.854226,
3.236288,
2.739764,
1.249127,
1.173923,
0.433228,
-0.409950,
-0.578659,
0.884549,
0.833976,
2.994315,
4.636371,
2.935488,
2.073671,
0.864881,
0.599714,
-0.809625,
1.213229,
0.886327,
0.222096,
-0.728343,
-0.953635,
-0.775245,
-1.353257,
-2.802659,
-2.349646,
-0.757883,
0.042429,
-0.306399,
0.339685,
1.388684,
2.746138,
1.478449,
1.372001,
1.587196,
2.032138,
1.427968,
4.250404,
5.074080,
6.397155,
6.371150,
3.384503,
3.417011,
0.849807,
0.857960,
0.991820,
1.097491,
-0.403657,
-0.514128,
-1.169846,
-0.276074,
-2.795655,
-1.899605,
-0.706023,
-0.359983,
1.620142,
1.673729,
0.402013,
0.662851,
0.722657,
0.207093,
0.569022,
2.163071,
3.665062,
2.318946,
1.519407,
1.081197,
-0.250048,
0.400479,
-0.403009,
-1.293858,
-1.085908,
-0.328450,
0.773485,
0.717617,
0.123421,
-1.376186,
0.963145,
1.006686,
2.967372,
2.084648,
3.418212,
3.919026,
2.357568,
3.232287,
3.580664,
1.848101,
1.932562,
-1.026314,
-1.549817,
-0.951043,
-3.523349,
-4.010093,
-3.436355,
-4.731191,
-3.860708,
-2.758106,
-1.197117,
-0.951922,
-0.565954,
-3.038067,
-2.837039,
-4.598453,
-4.304115,
-2.065791,
-1.837876,
-1.745722,
-2.586719,
-3.470003,
-4.081776,
-5.084545,
-4.478837,
-3.806260,
-1.394515,
0.106204,
1.265933,
1.041294,
2.022112,
1.444273,
0.598482,
-0.329357,
-0.780937,
-0.165273,
-0.658265,
-0.821176,
0.096720,
-0.273341,
-0.352643,
-0.586505,
-0.569068,
-2.226045,
-1.849439,
-4.435530,
-3.694754,
-5.026438,
-4.535109,
-3.194601,
-0.697735,
1.081255,
1.912646,
2.796473,
2.619696,
1.840368,
1.864636,
0.044231,
-0.872608,
-1.689313,
-2.413993,
-2.991779,
-0.313129,
-1.087659,
-2.124158,
-1.545592,
-1.592252,
-2.945483,
-4.145189,
-3.418622,
-3.033828,
-1.851186,
-0.301316,
-0.402326,
-0.081778,
0.025627,
0.049542,
-1.373135,
-2.000708,
-2.409450,
-1.784524,
-3.135358,
-0.190319,
-0.501159,
1.471933,
1.735652,
0.795390,
-1.328202,
-1.477483,
0.195706,
0.883649,
0.771318,
1.820975,
4.359125,
3.692209,
2.098278,
2.475998,
0.229144,
-0.345566,
-0.495481,
-2.201687,
-1.376354,
-2.813713,
-3.917157,
-3.486111,
-2.073544,
-1.113042,
-1.309634,
-1.745672,
-1.401648,
0.907891,
-0.069382,
1.349428,
1.646354,
0.888827,
-0.535349,
-2.275602,
-2.683088,
-2.472446,
-3.687301,
-3.429670,
-1.988791,
-0.666277,
-0.812143,
0.689738,
0.647077,
0.224826,
0.119668,
1.303268,
0.200684,
0.768211,
0.239523,
0.445169,
1.381595,
2.134153,
0.882706,
-0.290086,
0.592364,
0.691374,
0.951611,
-1.116611,
-0.801472,
-1.377257,
-0.725904,
-0.862603,
-2.025898,
-2.914723,
-3.029144,
-1.297942,
0.743316,
1.235685,
1.087730,
-0.424559,
0.097099,
0.388827,
-0.705176,
-0.524812,
2.534496,
2.984348,
3.054849,
1.582775,
0.091632,
-1.110777,
-1.874573,
-1.019623,
-0.481850,
-0.847042,
-0.261074,
1.434551,
1.866776,
0.915716,
-1.046895,
-1.146105,
-2.521137,
0.210403,
-0.000496,
-0.619323,
1.186493,
1.537567,
2.699063,
0.994298,
1.268549,
2.445467,
2.185718,
3.048410,
2.220338,
2.647754,
3.115896,
0.674051,
2.475029,
3.676684,
4.968032,
6.413615,
6.281005,
4.382704,
1.542626,
-2.693931,
-5.331707,
-3.776776,
-3.365780,
-3.238735,
-3.662003,
-1.900975,
-0.328059,
0.445557,
0.695591,
1.727050,
1.425626,
0.535567,
-0.442937,
0.365753,
-2.382157,
-2.724359,
-1.754026,
1.182365,
1.768468,
1.927512,
1.115715,
1.523808,
2.394492,
2.221231,
2.718696,
0.692350,
-2.087681,
-2.998368,
-3.106883,
-3.474667,
-1.998628,
-0.930354,
-0.256200,
1.615173,
1.329103,
-1.038423,
-0.831542,
-0.741468,
-1.645431,
-1.730799,
-1.231829,
-0.634052,
-0.705356,
-0.275042,
1.628894,
-0.252081,
1.175791,
0.681210,
0.965071,
0.804087,
1.036203,
-0.128070,
-1.818604,
-1.013007,
-1.113036,
-0.775390,
0.043515,
2.859903,
3.532545,
2.820736,
2.773307,
1.430947,
3.033638,
1.660516,
1.819418,
0.263101,
3.241841,
2.254022,
0.931754,
1.035347,
0.351564,
1.527420,
1.751027,
0.993737,
1.671719,
2.775364,
2.746471,
3.732617,
2.480294,
0.845379,
-1.400756,
-1.885495,
-1.225616,
-1.268175,
-0.632916,
0.158873,
-1.084833,
-2.008030,
-1.794594,
0.372047,
0.206812,
-0.092179,
-1.805833,
-1.716364,
-1.265067,
-0.567291,
-0.744102,
1.023604,
1.064492,
2.502337,
2.263913,
-1.215026,
-1.345176,
-0.737396,
-0.105809,
-0.830114,
0.587840,
0.697473,
-0.219566,
0.243290,
-0.884453,
-0.372353,
-0.432797,
1.277181,
0.981877,
0.504076,
-0.817133,
-1.428234,
-1.054445,
-1.976091,
-2.204039,
-0.200557,
-0.142373,
0.749156,
1.488274,
0.350445,
1.691099,
2.124235,
1.680252,
2.565524,
0.260811,
-1.042872,
-0.996055,
-2.840967,
-2.282722,
-2.326978,
-0.642918,
3.594487,
3.660616,
5.233968,
4.244275,
3.238493,
2.985845,
0.139352,
1.274367,
1.589024,
2.431183,
3.625539,
3.576841,
2.081105,
1.479011,
-1.468686,
-1.692973,
-2.134861,
-4.520924,
-5.385046,
-5.033578,
-5.978888,
-3.342456,
-3.824994,
-3.184034,
-0.415002,
0.849266,
3.520029,
4.684551,
3.596247,
2.400994,
0.834116,
-0.974274,
-2.402325,
-3.711791,
-4.841279,
-4.670357,
-4.697945,
-2.241974,
0.131329,
-0.246693,
1.718039,
2.587478,
3.517996,
4.524436,
1.695155,
0.201781,
1.575770,
0.178347,
-0.730944,
-2.693019,
-4.807804,
-4.276145,
-5.045861,
-2.388912,
-2.274417,
-1.499274,
-1.169112,
-2.205475,
-0.653757,
0.123679,
1.848402,
0.752535,
1.670846,
1.971814,
2.965250,
1.881204,
-0.344240,
0.377647,
0.538998,
0.892773,
-1.073453,
-2.276960,
-1.758948,
-0.554009,
-0.218045,
2.084151,
3.419933,
3.331449,
-0.232326,
-1.972184,
-2.772293,
-2.710717,
-3.141202,
-1.697178,
-0.292420,
2.288051,
4.391633,
5.058067,
4.531115,
3.170329,
1.961600,
-0.367634,
-3.007256,
-4.448622,
-3.787952,
-2.517837,
-2.129688,
-1.204199,
-1.961959,
-2.321813,
-1.394348,
-1.035142,
-1.733839,
-0.529492,
-1.547384,
-2.706468,
-4.556401,
-4.315096,
-5.503891,
-5.408427,
-2.515613,
-1.398281,
-0.837822,
-0.984869,
-0.388662,
-1.545778,
-3.029776,
-1.705563,
-2.760736,
-3.633670,
-2.124087,
-1.986872,
-1.437543,
0.411514,
0.205218,
-0.143863,
0.363612,
-1.058014,
-1.101978,
0.957709,
1.436985,
1.853105,
1.706175,
2.011097,
2.910185,
4.130717,
5.550470,
5.985709,
6.676315,
5.322441,
5.017425,
3.483639,
1.345301,
1.475338,
1.068373,
1.661280,
2.493076,
0.873125,
2.603966,
3.300455,
3.162356,
2.672673,
3.033096,
3.230063,
1.494560,
1.608367,
-0.245145,
-1.258462,
-1.875138,
-3.686662,
-1.048625,
-0.920150,
-2.632577,
-3.748246,
-4.407639,
-5.645926,
-3.090665,
-3.134901,
-1.317496,
-0.412671,
-2.272179,
-2.197559,
-2.480110,
-1.942610,
-2.780379,
-2.164626,
-0.057385,
-0.211689,
-1.044437,
-2.630366,
-0.548803,
-0.894557,
-0.479473,
-0.442751,
-1.347143,
-1.684980,
-1.414323,
-0.292535,
0.923772,
1.220559,
1.686064,
0.514057,
-1.579686,
-1.289248,
-2.199292,
-2.576275,
-1.851018,
-1.922046,
-3.296527,
-3.646087,
-3.915574,
-4.010577,
-5.707810,
-3.827111,
-1.157110,
0.190283,
-0.403845,
-1.205113,
0.156036,
1.212129,
-0.121549,
0.966210,
0.656188,
-0.651546,
-2.474357,
-3.683813,
-3.956451,
-3.469215,
-2.770134,
-0.808528,
-0.962243,
1.276356,
1.915431,
0.231127,
-1.007028,
-2.157584,
-2.098936,
-1.892189,
-1.251392,
-2.244471,
-0.379613,
-0.274019,
-2.339967,
-3.725055,
-4.582616,
-4.532878,
-1.455245,
0.158901,
2.931874,
6.405508,
4.855186,
3.953797,
3.823576,
2.927568,
3.175093,
1.664733,
-0.279186,
-0.388646,
-3.384548,
-3.959239,
-1.257118,
0.521908,
-0.031758,
-0.339000,
-2.802767,
-3.199449,
-3.009971,
-3.709556,
-3.823427,
-2.516981,
0.897016,
1.394645,
2.052983,
1.170625,
1.464578,
-0.655743,
-0.570121,
-1.265004,
-2.293832,
-2.406895,
-2.439540,
-2.643548,
-2.206348,
-2.908843,
-3.739892,
-3.981421,
-3.425305,
-2.396706,
-1.973461,
-2.440173,
-2.541340,
-1.056855,
0.714680,
1.316563,
3.942498,
6.276049,
4.443064,
4.578951,
4.888844,
4.892454,
5.682594,
4.715739,
5.241287,
6.122562,
5.692103,
3.983264,
4.141749,
1.102989,
0.051974,
0.843916,
0.786303,
1.373092,
3.060953,
4.079259,
4.207261,
6.032391,
3.492778,
2.652880,
1.781910,
2.363526,
-0.201421,
-0.874214,
-1.757082,
-2.079492,
-0.273661,
-0.184928,
-0.324640,
1.063307,
1.158383,
0.566660,
1.305987,
1.407683,
2.307338,
3.866387,
2.941449,
3.299024,
1.820200,
0.997382,
0.002070,
-0.287756,
-1.925789,
-1.050085,
2.147080,
2.838398,
2.701346,
1.437575,
3.075169,
2.795114,
-0.349278,
-1.649248,
-1.801748,
-2.526691,
-1.535019,
-2.148017,
-1.403933,
-1.626037,
-0.861060,
-1.202729,
-1.210211,
-0.842242,
-1.779546,
-1.532696,
-1.721831,
-1.404677,
-2.244456,
-2.810318,
-2.872177,
-2.974647,
-3.336499,
-2.826243,
-1.794076,
-2.070277,
-0.527326,
0.974077,
1.298305,
0.265141,
0.797970,
3.526312,
4.270956,
3.581831,
4.230474,
4.277460,
4.738034,
4.247679,
4.878463,
4.306636,
3.586832,
4.521584,
4.552687,
2.019244,
1.638349,
0.771269,
1.985909,
3.624223,
3.783122,
3.059080,
3.216903,
2.961699,
0.080370,
-1.403292,
-4.408192,
-3.785164,
-3.493856,
-4.827183,
-3.341133,
-0.864361,
-1.126982,
-0.431519,
-0.746183,
-1.157146,
-0.819286,
-2.390753,
-3.051779,
-1.013380,
0.232186,
1.458080,
1.515495,
1.749371,
2.571472,
2.761467,
2.307520,
0.014288,
-1.109852,
-1.765050,
-1.007667,
-0.529392,
1.253070,
1.708836,
0.489585,
0.921856,
0.993982,
0.828380,
1.382062,
1.960852,
1.544013,
3.233351,
5.380107,
4.143760,