0.0005092928060954736,
-0.00037164334734485205,
2.444935600758911e-18,
0.00042213027382430524,
-0.0006535814497318526,
0.0005127471293798912,
-3.9696977783081525e-19,
-0.0006479075275034413,
0.0010375243865308307,
-0.0008322889516837341,
1.4398188309990782e-17,
0.001070930938343786,
-0.0017144607811948708,
0.0013693750340234914,
-1.4967215874301686e-17,
-0.0017338625345394785,
0.002747931223775681,
-0.0021716136113169304,
1.0061361519644714e-17,
0.0026912234542289764,
-0.004221317801691851,
0.003303230566666253,
5.0606660505776675e-18,
-0.004020944882155258,
0.006257401099601165,
-0.0048616793567950855,
1.6631947974853256e-17,
0.005848628522676554,
-0.009060136784902216,
0.007013822924115846,
-5.851394112931865e-17,
-0.008402949513613353,
0.013012757887974801,
-0.010083571686252646,
2.2993629916129672e-17,
0.01215991860872478,
-0.018944215330398646,
0.014801314736991134,
-2.559111973101945e-17,
-0.018301605567667786,
0.02903439509399134,
-0.023217791202302322,
2.7572612223831006e-17,
0.030746277736729333,
-0.05133762646247698,
0.044002069403531775,
-2.881360293382137e-17,
-0.07441461499000362,
0.15857671255750821,
-0.2248734438198557,
0.2500044352395294,
-0.2248734438198557,
0.15857671255750821,
-0.07441461499000361,
-2.881360293382137e-17,
0.04400206940353178,
-0.05133762646247698,
0.03074627773672934,
2.7572612223831006e-17,
-0.02321779120230233,
0.029034395093991344,
-0.01830160556766779,
-2.5591119731019452e-17,
0.014801314736991134,
-0.018944215330398643,
0.012159918608724781,
2.299362991612967e-17,
-0.010083571686252644,
0.013012757887974798,
-0.008402949513613353,
-5.851394112931866e-17,
0.007013822924115843,
-0.009060136784902216,
0.005848628522676556,
1.6631947974853256e-17,
-0.004861679356795086,
0.006257401099601168,
-0.00402094488215526,
5.0606660505776706e-18,
0.003303230566666252,
-0.004221317801691853,
0.0026912234542289795,
1.0061361519644723e-17,
-0.0021716136113169287,
0.0027479312237756797,
-0.0017338625345394792,
-1.4967215874301698e-17,
0.0013693750340234932,
-0.0017144607811948721,
0.0010709309383437858,
1.4398188309990785e-17,
-0.000832288951683735,
0.0010375243865308323,
-0.0006479075275034418,
-3.9696977783081525e-19,
0.0005127471293798912,
-0.0006535814497318529,
0.00042213027382430524,
2.444935600758913e-18,
-0.00037164334734485205,
