0.0010186044175063836,
1.3722696045410845e-08,
1.6299269746046101e-18,
-1.558689394687198e-08,
-0.0013071870325462435,
-1.8932864138867384e-08,
3.583938302490109e-18,
2.3923576546441144e-08,
0.002075087082994824,
3.073174425344532e-08,
1.27623459578042e-17,
-3.9543449009606796e-08,
-0.003428984867772044,
-5.056330887971347e-08,
-1.2562115797904705e-17,
6.402177980097644e-08,
0.005495963913177505,
8.018546203934773e-08,
6.707450509955105e-18,
-9.937172757183352e-08,
-0.008442791472879341,
-1.2196970389059814e-07,
9.483323922220839e-18,
1.4847085207277122e-07,
0.012515033249788716,
1.7951444189479027e-07,
1.108776060850814e-17,
-2.1595691698621244e-07,
-0.018120608109637115,
-2.5898098486142745e-07,
-5.1865911458372285e-17,
3.102736075063367e-07,
0.026025996263821904,
3.7232952047536183e-07,
1.5328803602328866e-17,
-4.489973201900893e-07,
-0.03788913016399215,
-5.465292051212711e-07,
-1.706043150869803e-17,
6.757752349650925e-07,
0.058069862264697125,
8.573022867094937e-07,
1.8381402115452492e-17,
-1.1352869006102384e-06,
-0.1026771485344105,
-1.6247486417445e-06,
-1.9208713981179823e-17,
2.7477126934155605e-06,
0.3171592804600455,
8.303309989243779e-06,
0.5000121878639816,
8.303309989243779e-06,
0.3171592804600455,
2.7477126934294382e-06,
-1.920871398117982e-17,
-1.624748641751439e-06,
-0.1026771485344105,
-1.135286900606769e-06,
1.8381402115452492e-17,
8.573022867094937e-07,
0.058069862264697125,
6.757752349650925e-07,
-1.706043150869803e-17,
-5.465292051212711e-07,
-0.037889130163992146,
-4.489973201900893e-07,
1.5328803602328866e-17,
3.7232952047536183e-07,
0.026025996263821898,
3.102736075063367e-07,
-5.186591145837229e-17,
-2.589809848622948e-07,
-0.018120608109637115,
-2.1595691698621244e-07,
1.108776060850814e-17,
1.7951444189479027e-07,
0.012515033249788721,
1.4847085207277122e-07,
9.483323922220843e-18,
-1.2196970389103182e-07,
-0.008442791472879345,
-9.937172757096616e-08,
6.707450509955111e-18,
8.018546203978141e-08,
0.005495963913177502,
6.40217798007596e-08,
-1.2562115797904716e-17,
-5.056330887971347e-08,
-0.0034289848677720464,
-3.9543449009389955e-08,
1.2762345957804202e-17,
3.073174425344532e-08,
0.002075087082994827,
2.3923576546441144e-08,
3.583938302490109e-18,
-1.8932864138867384e-08,
-0.001307187032546244,
-1.558689394687198e-08,
1.6299269746046115e-18,
1.3722696045410845e-08,
