3.110917254086213e-19,
0.00016201819402187376,
0.0003251717580767969,
0.0004817915777735163,
0.0006200776882964184,
0.0007233663421202198,
0.000770782628624719,
0.0007394788037807067,
0.0006083549702756227,
0.0003628369882564608,
-6.5271781368444785e-19,
-0.00046687314004738214,
-0.0010052782865856372,
-0.001562914102863963,
-0.002070189696102404,
-0.002446074736422137,
-0.002607067323491892,
-0.0024785361604893683,
-0.0020072127541765736,
-0.001173240868909985,
1.5471065242342335e-18,
0.0014400458253124844,
0.0030249427818703606,
0.004589240571075985,
0.005936635457104924,
0.0068586931284030745,
0.007158238240295782,
0.006675237808042887,
0.005312433438699207,
0.0030576813266618634,
-2.652631768782152e-18,
-0.0036632720977764024,
-0.0076300625227834614,
-0.011508721865169937,
-0.01484437191581891,
-0.017154802709691927,
-0.01797310075658145,
-0.016893241784467033,
-0.013614279887791535,
-0.007978598575646659,
3.547020479331938e-18,
0.010121813363938473,
0.022002628099022068,
0.0350917680630668,
0.04870596733205654,
0.06207663420494877,
0.07440666649754789,
0.08493192028289427,
0.09298184457803321,
0.09803374528688936,
0.09975564789545321,
0.09803374528688936,
0.09298184457803321,
0.08493192028289426,
0.0744066664975479,
0.06207663420494878,
0.04870596733205654,
0.03509176806306681,
0.022002628099022068,
0.010121813363938477,
3.547020479331939e-18,
-0.00797859857564666,
-0.013614279887791536,
-0.016893241784467033,
-0.017973100756581446,
-0.01715480270969193,
-0.014844371915818905,
-0.011508721865169937,
-0.00763006252278346,
-0.0036632720977764024,
-2.652631768782153e-18,
0.0030576813266618625,
0.005312433438699207,
0.006675237808042888,
0.007158238240295782,
0.006858693128403076,
0.0059366354571049286,
0.0045892405710759865,
0.0030249427818703624,
0.0014400458253124844,
1.547106524234234e-18,
-0.001173240868909986,
-0.0020072127541765758,
-0.0024785361604893665,
-0.0026070673234918915,
-0.002446074736422138,
-0.002070189696102406,
-0.001562914102863965,
-0.001005278286585638,
-0.000466873140047382,
-6.52717813684448e-19,
0.0003628369882564612,
0.0006083549702756237,
0.0007394788037807074,
0.000770782628624719,
0.0007233663421202198,
0.0006200776882964187,
0.0004817915777735163,
0.0003251717580767971,
0.00016201819402187376,
